"forecast_date","target","target_end_date","location","type","quantile","value"
"2022-06-13","1 wk ahead inc flu hosp","2022-06-18","US","quantile",0.01,1411
"2022-06-13","1 wk ahead inc flu hosp","2022-06-18","US","quantile",0.025,1551
"2022-06-13","1 wk ahead inc flu hosp","2022-06-18","US","quantile",0.05,1678
"2022-06-13","1 wk ahead inc flu hosp","2022-06-18","US","quantile",0.1,1826
"2022-06-13","1 wk ahead inc flu hosp","2022-06-18","US","quantile",0.15,1930
"2022-06-13","1 wk ahead inc flu hosp","2022-06-18","US","quantile",0.2,2013
"2022-06-13","1 wk ahead inc flu hosp","2022-06-18","US","quantile",0.25,2085
"2022-06-13","1 wk ahead inc flu hosp","2022-06-18","US","quantile",0.3,2151
"2022-06-13","1 wk ahead inc flu hosp","2022-06-18","US","quantile",0.35,2211
"2022-06-13","1 wk ahead inc flu hosp","2022-06-18","US","quantile",0.4,2271
"2022-06-13","1 wk ahead inc flu hosp","2022-06-18","US","quantile",0.45,2328
"2022-06-13","1 wk ahead inc flu hosp","2022-06-18","US","quantile",0.5,2385
"2022-06-13","1 wk ahead inc flu hosp","2022-06-18","US","quantile",0.55,2442
"2022-06-13","1 wk ahead inc flu hosp","2022-06-18","US","quantile",0.6,2501
"2022-06-13","1 wk ahead inc flu hosp","2022-06-18","US","quantile",0.65,2563
"2022-06-13","1 wk ahead inc flu hosp","2022-06-18","US","quantile",0.7,2631
"2022-06-13","1 wk ahead inc flu hosp","2022-06-18","US","quantile",0.75,2705
"2022-06-13","1 wk ahead inc flu hosp","2022-06-18","US","quantile",0.8,2789
"2022-06-13","1 wk ahead inc flu hosp","2022-06-18","US","quantile",0.85,2891
"2022-06-13","1 wk ahead inc flu hosp","2022-06-18","US","quantile",0.9,3018
"2022-06-13","1 wk ahead inc flu hosp","2022-06-18","US","quantile",0.95,3218
"2022-06-13","1 wk ahead inc flu hosp","2022-06-18","US","quantile",0.975,3402
"2022-06-13","1 wk ahead inc flu hosp","2022-06-18","US","quantile",0.99,3635
"2022-06-13","2 wk ahead inc flu hosp","2022-06-25","US","quantile",0.01,970
"2022-06-13","2 wk ahead inc flu hosp","2022-06-25","US","quantile",0.025,1160
"2022-06-13","2 wk ahead inc flu hosp","2022-06-25","US","quantile",0.05,1334
"2022-06-13","2 wk ahead inc flu hosp","2022-06-25","US","quantile",0.1,1542
"2022-06-13","2 wk ahead inc flu hosp","2022-06-25","US","quantile",0.15,1691
"2022-06-13","2 wk ahead inc flu hosp","2022-06-25","US","quantile",0.2,1811
"2022-06-13","2 wk ahead inc flu hosp","2022-06-25","US","quantile",0.25,1919
"2022-06-13","2 wk ahead inc flu hosp","2022-06-25","US","quantile",0.3,2020
"2022-06-13","2 wk ahead inc flu hosp","2022-06-25","US","quantile",0.35,2114
"2022-06-13","2 wk ahead inc flu hosp","2022-06-25","US","quantile",0.4,2205
"2022-06-13","2 wk ahead inc flu hosp","2022-06-25","US","quantile",0.45,2295
"2022-06-13","2 wk ahead inc flu hosp","2022-06-25","US","quantile",0.5,2384
"2022-06-13","2 wk ahead inc flu hosp","2022-06-25","US","quantile",0.55,2477
"2022-06-13","2 wk ahead inc flu hosp","2022-06-25","US","quantile",0.6,2572
"2022-06-13","2 wk ahead inc flu hosp","2022-06-25","US","quantile",0.65,2674
"2022-06-13","2 wk ahead inc flu hosp","2022-06-25","US","quantile",0.7,2782
"2022-06-13","2 wk ahead inc flu hosp","2022-06-25","US","quantile",0.75,2904
"2022-06-13","2 wk ahead inc flu hosp","2022-06-25","US","quantile",0.8,3039
"2022-06-13","2 wk ahead inc flu hosp","2022-06-25","US","quantile",0.85,3207
"2022-06-13","2 wk ahead inc flu hosp","2022-06-25","US","quantile",0.9,3423
"2022-06-13","2 wk ahead inc flu hosp","2022-06-25","US","quantile",0.95,3755
"2022-06-13","2 wk ahead inc flu hosp","2022-06-25","US","quantile",0.975,4056
"2022-06-13","2 wk ahead inc flu hosp","2022-06-25","US","quantile",0.99,4426
"2022-06-13","3 wk ahead inc flu hosp","2022-07-02","US","quantile",0.01,709
"2022-06-13","3 wk ahead inc flu hosp","2022-07-02","US","quantile",0.025,914
"2022-06-13","3 wk ahead inc flu hosp","2022-07-02","US","quantile",0.05,1112
"2022-06-13","3 wk ahead inc flu hosp","2022-07-02","US","quantile",0.1,1349
"2022-06-13","3 wk ahead inc flu hosp","2022-07-02","US","quantile",0.15,1527
"2022-06-13","3 wk ahead inc flu hosp","2022-07-02","US","quantile",0.2,1673
"2022-06-13","3 wk ahead inc flu hosp","2022-07-02","US","quantile",0.25,1804
"2022-06-13","3 wk ahead inc flu hosp","2022-07-02","US","quantile",0.3,1927
"2022-06-13","3 wk ahead inc flu hosp","2022-07-02","US","quantile",0.35,2045
"2022-06-13","3 wk ahead inc flu hosp","2022-07-02","US","quantile",0.4,2158
"2022-06-13","3 wk ahead inc flu hosp","2022-07-02","US","quantile",0.45,2271
"2022-06-13","3 wk ahead inc flu hosp","2022-07-02","US","quantile",0.5,2384
"2022-06-13","3 wk ahead inc flu hosp","2022-07-02","US","quantile",0.55,2503
"2022-06-13","3 wk ahead inc flu hosp","2022-07-02","US","quantile",0.6,2626
"2022-06-13","3 wk ahead inc flu hosp","2022-07-02","US","quantile",0.65,2754
"2022-06-13","3 wk ahead inc flu hosp","2022-07-02","US","quantile",0.7,2893
"2022-06-13","3 wk ahead inc flu hosp","2022-07-02","US","quantile",0.75,3048
"2022-06-13","3 wk ahead inc flu hosp","2022-07-02","US","quantile",0.8,3226
"2022-06-13","3 wk ahead inc flu hosp","2022-07-02","US","quantile",0.85,3442
"2022-06-13","3 wk ahead inc flu hosp","2022-07-02","US","quantile",0.9,3724
"2022-06-13","3 wk ahead inc flu hosp","2022-07-02","US","quantile",0.95,4158
"2022-06-13","3 wk ahead inc flu hosp","2022-07-02","US","quantile",0.975,4554
"2022-06-13","3 wk ahead inc flu hosp","2022-07-02","US","quantile",0.99,5056
"2022-06-13","4 wk ahead inc flu hosp","2022-07-09","US","quantile",0.01,521
"2022-06-13","4 wk ahead inc flu hosp","2022-07-09","US","quantile",0.025,731
"2022-06-13","4 wk ahead inc flu hosp","2022-07-09","US","quantile",0.05,933
"2022-06-13","4 wk ahead inc flu hosp","2022-07-09","US","quantile",0.1,1200
"2022-06-13","4 wk ahead inc flu hosp","2022-07-09","US","quantile",0.15,1394
"2022-06-13","4 wk ahead inc flu hosp","2022-07-09","US","quantile",0.2,1559
"2022-06-13","4 wk ahead inc flu hosp","2022-07-09","US","quantile",0.25,1709
"2022-06-13","4 wk ahead inc flu hosp","2022-07-09","US","quantile",0.3,1851
"2022-06-13","4 wk ahead inc flu hosp","2022-07-09","US","quantile",0.35,1986
"2022-06-13","4 wk ahead inc flu hosp","2022-07-09","US","quantile",0.4,2119
"2022-06-13","4 wk ahead inc flu hosp","2022-07-09","US","quantile",0.45,2250
"2022-06-13","4 wk ahead inc flu hosp","2022-07-09","US","quantile",0.5,2386
"2022-06-13","4 wk ahead inc flu hosp","2022-07-09","US","quantile",0.55,2524
"2022-06-13","4 wk ahead inc flu hosp","2022-07-09","US","quantile",0.6,2667
"2022-06-13","4 wk ahead inc flu hosp","2022-07-09","US","quantile",0.65,2820
"2022-06-13","4 wk ahead inc flu hosp","2022-07-09","US","quantile",0.7,2988
"2022-06-13","4 wk ahead inc flu hosp","2022-07-09","US","quantile",0.75,3169
"2022-06-13","4 wk ahead inc flu hosp","2022-07-09","US","quantile",0.8,3382
"2022-06-13","4 wk ahead inc flu hosp","2022-07-09","US","quantile",0.85,3637
"2022-06-13","4 wk ahead inc flu hosp","2022-07-09","US","quantile",0.9,3973
"2022-06-13","4 wk ahead inc flu hosp","2022-07-09","US","quantile",0.95,4504
"2022-06-13","4 wk ahead inc flu hosp","2022-07-09","US","quantile",0.975,4998
"2022-06-13","4 wk ahead inc flu hosp","2022-07-09","US","quantile",0.99,5593
"2022-06-13","1 wk ahead inc flu hosp","2022-06-18","US","point",NA,2385
"2022-06-13","2 wk ahead inc flu hosp","2022-06-25","US","point",NA,2384
"2022-06-13","3 wk ahead inc flu hosp","2022-07-02","US","point",NA,2384
"2022-06-13","4 wk ahead inc flu hosp","2022-07-09","US","point",NA,2386
"2022-06-13","1 wk ahead inc flu hosp","2022-06-18","01","quantile",0.01,1
"2022-06-13","1 wk ahead inc flu hosp","2022-06-18","01","quantile",0.025,3
"2022-06-13","1 wk ahead inc flu hosp","2022-06-18","01","quantile",0.05,5
"2022-06-13","1 wk ahead inc flu hosp","2022-06-18","01","quantile",0.1,8
"2022-06-13","1 wk ahead inc flu hosp","2022-06-18","01","quantile",0.15,11
"2022-06-13","1 wk ahead inc flu hosp","2022-06-18","01","quantile",0.2,14
"2022-06-13","1 wk ahead inc flu hosp","2022-06-18","01","quantile",0.25,17
"2022-06-13","1 wk ahead inc flu hosp","2022-06-18","01","quantile",0.3,19
"2022-06-13","1 wk ahead inc flu hosp","2022-06-18","01","quantile",0.35,22
"2022-06-13","1 wk ahead inc flu hosp","2022-06-18","01","quantile",0.4,24
"2022-06-13","1 wk ahead inc flu hosp","2022-06-18","01","quantile",0.45,26
"2022-06-13","1 wk ahead inc flu hosp","2022-06-18","01","quantile",0.5,29
"2022-06-13","1 wk ahead inc flu hosp","2022-06-18","01","quantile",0.55,32
"2022-06-13","1 wk ahead inc flu hosp","2022-06-18","01","quantile",0.6,35
"2022-06-13","1 wk ahead inc flu hosp","2022-06-18","01","quantile",0.65,38
"2022-06-13","1 wk ahead inc flu hosp","2022-06-18","01","quantile",0.7,41
"2022-06-13","1 wk ahead inc flu hosp","2022-06-18","01","quantile",0.75,44
"2022-06-13","1 wk ahead inc flu hosp","2022-06-18","01","quantile",0.8,49
"2022-06-13","1 wk ahead inc flu hosp","2022-06-18","01","quantile",0.85,54
"2022-06-13","1 wk ahead inc flu hosp","2022-06-18","01","quantile",0.9,61
"2022-06-13","1 wk ahead inc flu hosp","2022-06-18","01","quantile",0.95,71
"2022-06-13","1 wk ahead inc flu hosp","2022-06-18","01","quantile",0.975,81
"2022-06-13","1 wk ahead inc flu hosp","2022-06-18","01","quantile",0.99,93
"2022-06-13","2 wk ahead inc flu hosp","2022-06-25","01","quantile",0.01,0
"2022-06-13","2 wk ahead inc flu hosp","2022-06-25","01","quantile",0.025,0
"2022-06-13","2 wk ahead inc flu hosp","2022-06-25","01","quantile",0.05,0
"2022-06-13","2 wk ahead inc flu hosp","2022-06-25","01","quantile",0.1,2
"2022-06-13","2 wk ahead inc flu hosp","2022-06-25","01","quantile",0.15,5
"2022-06-13","2 wk ahead inc flu hosp","2022-06-25","01","quantile",0.2,8
"2022-06-13","2 wk ahead inc flu hosp","2022-06-25","01","quantile",0.25,11
"2022-06-13","2 wk ahead inc flu hosp","2022-06-25","01","quantile",0.3,14
"2022-06-13","2 wk ahead inc flu hosp","2022-06-25","01","quantile",0.35,18
"2022-06-13","2 wk ahead inc flu hosp","2022-06-25","01","quantile",0.4,22
"2022-06-13","2 wk ahead inc flu hosp","2022-06-25","01","quantile",0.45,25
"2022-06-13","2 wk ahead inc flu hosp","2022-06-25","01","quantile",0.5,29
"2022-06-13","2 wk ahead inc flu hosp","2022-06-25","01","quantile",0.55,33
"2022-06-13","2 wk ahead inc flu hosp","2022-06-25","01","quantile",0.6,38
"2022-06-13","2 wk ahead inc flu hosp","2022-06-25","01","quantile",0.65,43
"2022-06-13","2 wk ahead inc flu hosp","2022-06-25","01","quantile",0.7,48
"2022-06-13","2 wk ahead inc flu hosp","2022-06-25","01","quantile",0.75,54
"2022-06-13","2 wk ahead inc flu hosp","2022-06-25","01","quantile",0.8,61
"2022-06-13","2 wk ahead inc flu hosp","2022-06-25","01","quantile",0.85,70
"2022-06-13","2 wk ahead inc flu hosp","2022-06-25","01","quantile",0.9,82
"2022-06-13","2 wk ahead inc flu hosp","2022-06-25","01","quantile",0.95,102
"2022-06-13","2 wk ahead inc flu hosp","2022-06-25","01","quantile",0.975,120
"2022-06-13","2 wk ahead inc flu hosp","2022-06-25","01","quantile",0.99,143
"2022-06-13","3 wk ahead inc flu hosp","2022-07-02","01","quantile",0.01,0
"2022-06-13","3 wk ahead inc flu hosp","2022-07-02","01","quantile",0.025,0
"2022-06-13","3 wk ahead inc flu hosp","2022-07-02","01","quantile",0.05,0
"2022-06-13","3 wk ahead inc flu hosp","2022-07-02","01","quantile",0.1,1
"2022-06-13","3 wk ahead inc flu hosp","2022-07-02","01","quantile",0.15,2
"2022-06-13","3 wk ahead inc flu hosp","2022-07-02","01","quantile",0.2,4
"2022-06-13","3 wk ahead inc flu hosp","2022-07-02","01","quantile",0.25,8
"2022-06-13","3 wk ahead inc flu hosp","2022-07-02","01","quantile",0.3,11
"2022-06-13","3 wk ahead inc flu hosp","2022-07-02","01","quantile",0.35,15
"2022-06-13","3 wk ahead inc flu hosp","2022-07-02","01","quantile",0.4,20
"2022-06-13","3 wk ahead inc flu hosp","2022-07-02","01","quantile",0.45,24
"2022-06-13","3 wk ahead inc flu hosp","2022-07-02","01","quantile",0.5,29
"2022-06-13","3 wk ahead inc flu hosp","2022-07-02","01","quantile",0.55,34
"2022-06-13","3 wk ahead inc flu hosp","2022-07-02","01","quantile",0.6,40
"2022-06-13","3 wk ahead inc flu hosp","2022-07-02","01","quantile",0.65,46
"2022-06-13","3 wk ahead inc flu hosp","2022-07-02","01","quantile",0.7,54
"2022-06-13","3 wk ahead inc flu hosp","2022-07-02","01","quantile",0.75,62
"2022-06-13","3 wk ahead inc flu hosp","2022-07-02","01","quantile",0.8,71
"2022-06-13","3 wk ahead inc flu hosp","2022-07-02","01","quantile",0.85,83
"2022-06-13","3 wk ahead inc flu hosp","2022-07-02","01","quantile",0.9,99
"2022-06-13","3 wk ahead inc flu hosp","2022-07-02","01","quantile",0.95,127
"2022-06-13","3 wk ahead inc flu hosp","2022-07-02","01","quantile",0.975,152
"2022-06-13","3 wk ahead inc flu hosp","2022-07-02","01","quantile",0.99,185
"2022-06-13","4 wk ahead inc flu hosp","2022-07-09","01","quantile",0.01,0
"2022-06-13","4 wk ahead inc flu hosp","2022-07-09","01","quantile",0.025,0
"2022-06-13","4 wk ahead inc flu hosp","2022-07-09","01","quantile",0.05,0
"2022-06-13","4 wk ahead inc flu hosp","2022-07-09","01","quantile",0.1,0
"2022-06-13","4 wk ahead inc flu hosp","2022-07-09","01","quantile",0.15,1
"2022-06-13","4 wk ahead inc flu hosp","2022-07-09","01","quantile",0.2,2
"2022-06-13","4 wk ahead inc flu hosp","2022-07-09","01","quantile",0.25,5
"2022-06-13","4 wk ahead inc flu hosp","2022-07-09","01","quantile",0.3,9
"2022-06-13","4 wk ahead inc flu hosp","2022-07-09","01","quantile",0.35,13
"2022-06-13","4 wk ahead inc flu hosp","2022-07-09","01","quantile",0.4,18
"2022-06-13","4 wk ahead inc flu hosp","2022-07-09","01","quantile",0.45,24
"2022-06-13","4 wk ahead inc flu hosp","2022-07-09","01","quantile",0.5,29
"2022-06-13","4 wk ahead inc flu hosp","2022-07-09","01","quantile",0.55,35
"2022-06-13","4 wk ahead inc flu hosp","2022-07-09","01","quantile",0.6,42
"2022-06-13","4 wk ahead inc flu hosp","2022-07-09","01","quantile",0.65,50
"2022-06-13","4 wk ahead inc flu hosp","2022-07-09","01","quantile",0.7,58
"2022-06-13","4 wk ahead inc flu hosp","2022-07-09","01","quantile",0.75,68
"2022-06-13","4 wk ahead inc flu hosp","2022-07-09","01","quantile",0.8,80
"2022-06-13","4 wk ahead inc flu hosp","2022-07-09","01","quantile",0.85,95
"2022-06-13","4 wk ahead inc flu hosp","2022-07-09","01","quantile",0.9,116
"2022-06-13","4 wk ahead inc flu hosp","2022-07-09","01","quantile",0.95,150
"2022-06-13","4 wk ahead inc flu hosp","2022-07-09","01","quantile",0.975,183
"2022-06-13","4 wk ahead inc flu hosp","2022-07-09","01","quantile",0.99,224
"2022-06-13","1 wk ahead inc flu hosp","2022-06-18","01","point",NA,29
"2022-06-13","2 wk ahead inc flu hosp","2022-06-25","01","point",NA,29
"2022-06-13","3 wk ahead inc flu hosp","2022-07-02","01","point",NA,29
"2022-06-13","4 wk ahead inc flu hosp","2022-07-09","01","point",NA,29
"2022-06-13","1 wk ahead inc flu hosp","2022-06-18","02","quantile",0.01,0
"2022-06-13","1 wk ahead inc flu hosp","2022-06-18","02","quantile",0.025,0
"2022-06-13","1 wk ahead inc flu hosp","2022-06-18","02","quantile",0.05,0
"2022-06-13","1 wk ahead inc flu hosp","2022-06-18","02","quantile",0.1,0
"2022-06-13","1 wk ahead inc flu hosp","2022-06-18","02","quantile",0.15,2
"2022-06-13","1 wk ahead inc flu hosp","2022-06-18","02","quantile",0.2,4
"2022-06-13","1 wk ahead inc flu hosp","2022-06-18","02","quantile",0.25,6
"2022-06-13","1 wk ahead inc flu hosp","2022-06-18","02","quantile",0.3,8
"2022-06-13","1 wk ahead inc flu hosp","2022-06-18","02","quantile",0.35,10
"2022-06-13","1 wk ahead inc flu hosp","2022-06-18","02","quantile",0.4,12
"2022-06-13","1 wk ahead inc flu hosp","2022-06-18","02","quantile",0.45,14
"2022-06-13","1 wk ahead inc flu hosp","2022-06-18","02","quantile",0.5,14
"2022-06-13","1 wk ahead inc flu hosp","2022-06-18","02","quantile",0.55,16
"2022-06-13","1 wk ahead inc flu hosp","2022-06-18","02","quantile",0.6,18
"2022-06-13","1 wk ahead inc flu hosp","2022-06-18","02","quantile",0.65,21
"2022-06-13","1 wk ahead inc flu hosp","2022-06-18","02","quantile",0.7,24
"2022-06-13","1 wk ahead inc flu hosp","2022-06-18","02","quantile",0.75,28
"2022-06-13","1 wk ahead inc flu hosp","2022-06-18","02","quantile",0.8,32
"2022-06-13","1 wk ahead inc flu hosp","2022-06-18","02","quantile",0.85,36
"2022-06-13","1 wk ahead inc flu hosp","2022-06-18","02","quantile",0.9,41
"2022-06-13","1 wk ahead inc flu hosp","2022-06-18","02","quantile",0.95,53
"2022-06-13","1 wk ahead inc flu hosp","2022-06-18","02","quantile",0.975,63
"2022-06-13","1 wk ahead inc flu hosp","2022-06-18","02","quantile",0.99,77
"2022-06-13","2 wk ahead inc flu hosp","2022-06-25","02","quantile",0.01,0
"2022-06-13","2 wk ahead inc flu hosp","2022-06-25","02","quantile",0.025,0
"2022-06-13","2 wk ahead inc flu hosp","2022-06-25","02","quantile",0.05,0
"2022-06-13","2 wk ahead inc flu hosp","2022-06-25","02","quantile",0.1,0
"2022-06-13","2 wk ahead inc flu hosp","2022-06-25","02","quantile",0.15,0
"2022-06-13","2 wk ahead inc flu hosp","2022-06-25","02","quantile",0.2,1
"2022-06-13","2 wk ahead inc flu hosp","2022-06-25","02","quantile",0.25,2
"2022-06-13","2 wk ahead inc flu hosp","2022-06-25","02","quantile",0.3,4
"2022-06-13","2 wk ahead inc flu hosp","2022-06-25","02","quantile",0.35,7
"2022-06-13","2 wk ahead inc flu hosp","2022-06-25","02","quantile",0.4,10
"2022-06-13","2 wk ahead inc flu hosp","2022-06-25","02","quantile",0.45,12
"2022-06-13","2 wk ahead inc flu hosp","2022-06-25","02","quantile",0.5,14
"2022-06-13","2 wk ahead inc flu hosp","2022-06-25","02","quantile",0.55,18
"2022-06-13","2 wk ahead inc flu hosp","2022-06-25","02","quantile",0.6,22
"2022-06-13","2 wk ahead inc flu hosp","2022-06-25","02","quantile",0.65,27
"2022-06-13","2 wk ahead inc flu hosp","2022-06-25","02","quantile",0.7,32
"2022-06-13","2 wk ahead inc flu hosp","2022-06-25","02","quantile",0.75,36
"2022-06-13","2 wk ahead inc flu hosp","2022-06-25","02","quantile",0.8,42
"2022-06-13","2 wk ahead inc flu hosp","2022-06-25","02","quantile",0.85,52
"2022-06-13","2 wk ahead inc flu hosp","2022-06-25","02","quantile",0.9,63
"2022-06-13","2 wk ahead inc flu hosp","2022-06-25","02","quantile",0.95,81
"2022-06-13","2 wk ahead inc flu hosp","2022-06-25","02","quantile",0.975,101
"2022-06-13","2 wk ahead inc flu hosp","2022-06-25","02","quantile",0.99,124
"2022-06-13","3 wk ahead inc flu hosp","2022-07-02","02","quantile",0.01,0
"2022-06-13","3 wk ahead inc flu hosp","2022-07-02","02","quantile",0.025,0
"2022-06-13","3 wk ahead inc flu hosp","2022-07-02","02","quantile",0.05,0
"2022-06-13","3 wk ahead inc flu hosp","2022-07-02","02","quantile",0.1,0
"2022-06-13","3 wk ahead inc flu hosp","2022-07-02","02","quantile",0.15,0
"2022-06-13","3 wk ahead inc flu hosp","2022-07-02","02","quantile",0.2,0
"2022-06-13","3 wk ahead inc flu hosp","2022-07-02","02","quantile",0.25,1
"2022-06-13","3 wk ahead inc flu hosp","2022-07-02","02","quantile",0.3,3
"2022-06-13","3 wk ahead inc flu hosp","2022-07-02","02","quantile",0.35,5
"2022-06-13","3 wk ahead inc flu hosp","2022-07-02","02","quantile",0.4,8
"2022-06-13","3 wk ahead inc flu hosp","2022-07-02","02","quantile",0.45,12
"2022-06-13","3 wk ahead inc flu hosp","2022-07-02","02","quantile",0.5,15
"2022-06-13","3 wk ahead inc flu hosp","2022-07-02","02","quantile",0.55,19
"2022-06-13","3 wk ahead inc flu hosp","2022-07-02","02","quantile",0.6,24
"2022-06-13","3 wk ahead inc flu hosp","2022-07-02","02","quantile",0.65,30
"2022-06-13","3 wk ahead inc flu hosp","2022-07-02","02","quantile",0.7,36
"2022-06-13","3 wk ahead inc flu hosp","2022-07-02","02","quantile",0.75,43
"2022-06-13","3 wk ahead inc flu hosp","2022-07-02","02","quantile",0.8,53
"2022-06-13","3 wk ahead inc flu hosp","2022-07-02","02","quantile",0.85,64
"2022-06-13","3 wk ahead inc flu hosp","2022-07-02","02","quantile",0.9,80
"2022-06-13","3 wk ahead inc flu hosp","2022-07-02","02","quantile",0.95,106
"2022-06-13","3 wk ahead inc flu hosp","2022-07-02","02","quantile",0.975,133
"2022-06-13","3 wk ahead inc flu hosp","2022-07-02","02","quantile",0.99,168
"2022-06-13","4 wk ahead inc flu hosp","2022-07-09","02","quantile",0.01,0
"2022-06-13","4 wk ahead inc flu hosp","2022-07-09","02","quantile",0.025,0
"2022-06-13","4 wk ahead inc flu hosp","2022-07-09","02","quantile",0.05,0
"2022-06-13","4 wk ahead inc flu hosp","2022-07-09","02","quantile",0.1,0
"2022-06-13","4 wk ahead inc flu hosp","2022-07-09","02","quantile",0.15,0
"2022-06-13","4 wk ahead inc flu hosp","2022-07-09","02","quantile",0.2,0
"2022-06-13","4 wk ahead inc flu hosp","2022-07-09","02","quantile",0.25,0
"2022-06-13","4 wk ahead inc flu hosp","2022-07-09","02","quantile",0.3,2
"2022-06-13","4 wk ahead inc flu hosp","2022-07-09","02","quantile",0.35,4
"2022-06-13","4 wk ahead inc flu hosp","2022-07-09","02","quantile",0.4,7
"2022-06-13","4 wk ahead inc flu hosp","2022-07-09","02","quantile",0.45,11
"2022-06-13","4 wk ahead inc flu hosp","2022-07-09","02","quantile",0.5,15
"2022-06-13","4 wk ahead inc flu hosp","2022-07-09","02","quantile",0.55,20
"2022-06-13","4 wk ahead inc flu hosp","2022-07-09","02","quantile",0.6,26
"2022-06-13","4 wk ahead inc flu hosp","2022-07-09","02","quantile",0.65,33
"2022-06-13","4 wk ahead inc flu hosp","2022-07-09","02","quantile",0.7,40
"2022-06-13","4 wk ahead inc flu hosp","2022-07-09","02","quantile",0.75,49
"2022-06-13","4 wk ahead inc flu hosp","2022-07-09","02","quantile",0.8,61
"2022-06-13","4 wk ahead inc flu hosp","2022-07-09","02","quantile",0.85,75
"2022-06-13","4 wk ahead inc flu hosp","2022-07-09","02","quantile",0.9,95
"2022-06-13","4 wk ahead inc flu hosp","2022-07-09","02","quantile",0.95,129
"2022-06-13","4 wk ahead inc flu hosp","2022-07-09","02","quantile",0.975,163
"2022-06-13","4 wk ahead inc flu hosp","2022-07-09","02","quantile",0.99,209
"2022-06-13","1 wk ahead inc flu hosp","2022-06-18","02","point",NA,14
"2022-06-13","2 wk ahead inc flu hosp","2022-06-25","02","point",NA,14
"2022-06-13","3 wk ahead inc flu hosp","2022-07-02","02","point",NA,15
"2022-06-13","4 wk ahead inc flu hosp","2022-07-09","02","point",NA,15
"2022-06-13","1 wk ahead inc flu hosp","2022-06-18","04","quantile",0.01,23
"2022-06-13","1 wk ahead inc flu hosp","2022-06-18","04","quantile",0.025,32
"2022-06-13","1 wk ahead inc flu hosp","2022-06-18","04","quantile",0.05,42
"2022-06-13","1 wk ahead inc flu hosp","2022-06-18","04","quantile",0.1,54
"2022-06-13","1 wk ahead inc flu hosp","2022-06-18","04","quantile",0.15,63
"2022-06-13","1 wk ahead inc flu hosp","2022-06-18","04","quantile",0.2,70
"2022-06-13","1 wk ahead inc flu hosp","2022-06-18","04","quantile",0.25,77
"2022-06-13","1 wk ahead inc flu hosp","2022-06-18","04","quantile",0.3,83
"2022-06-13","1 wk ahead inc flu hosp","2022-06-18","04","quantile",0.35,89
"2022-06-13","1 wk ahead inc flu hosp","2022-06-18","04","quantile",0.4,95
"2022-06-13","1 wk ahead inc flu hosp","2022-06-18","04","quantile",0.45,100
"2022-06-13","1 wk ahead inc flu hosp","2022-06-18","04","quantile",0.5,106
"2022-06-13","1 wk ahead inc flu hosp","2022-06-18","04","quantile",0.55,112
"2022-06-13","1 wk ahead inc flu hosp","2022-06-18","04","quantile",0.6,119
"2022-06-13","1 wk ahead inc flu hosp","2022-06-18","04","quantile",0.65,125
"2022-06-13","1 wk ahead inc flu hosp","2022-06-18","04","quantile",0.7,133
"2022-06-13","1 wk ahead inc flu hosp","2022-06-18","04","quantile",0.75,141
"2022-06-13","1 wk ahead inc flu hosp","2022-06-18","04","quantile",0.8,151
"2022-06-13","1 wk ahead inc flu hosp","2022-06-18","04","quantile",0.85,162
"2022-06-13","1 wk ahead inc flu hosp","2022-06-18","04","quantile",0.9,177
"2022-06-13","1 wk ahead inc flu hosp","2022-06-18","04","quantile",0.95,201
"2022-06-13","1 wk ahead inc flu hosp","2022-06-18","04","quantile",0.975,224
"2022-06-13","1 wk ahead inc flu hosp","2022-06-18","04","quantile",0.99,251
"2022-06-13","2 wk ahead inc flu hosp","2022-06-25","04","quantile",0.01,2
"2022-06-13","2 wk ahead inc flu hosp","2022-06-25","04","quantile",0.025,8
"2022-06-13","2 wk ahead inc flu hosp","2022-06-25","04","quantile",0.05,17
"2022-06-13","2 wk ahead inc flu hosp","2022-06-25","04","quantile",0.1,31
"2022-06-13","2 wk ahead inc flu hosp","2022-06-25","04","quantile",0.15,43
"2022-06-13","2 wk ahead inc flu hosp","2022-06-25","04","quantile",0.2,53
"2022-06-13","2 wk ahead inc flu hosp","2022-06-25","04","quantile",0.25,62
"2022-06-13","2 wk ahead inc flu hosp","2022-06-25","04","quantile",0.3,71
"2022-06-13","2 wk ahead inc flu hosp","2022-06-25","04","quantile",0.35,79
"2022-06-13","2 wk ahead inc flu hosp","2022-06-25","04","quantile",0.4,88
"2022-06-13","2 wk ahead inc flu hosp","2022-06-25","04","quantile",0.45,97
"2022-06-13","2 wk ahead inc flu hosp","2022-06-25","04","quantile",0.5,107
"2022-06-13","2 wk ahead inc flu hosp","2022-06-25","04","quantile",0.55,116
"2022-06-13","2 wk ahead inc flu hosp","2022-06-25","04","quantile",0.6,126
"2022-06-13","2 wk ahead inc flu hosp","2022-06-25","04","quantile",0.65,138
"2022-06-13","2 wk ahead inc flu hosp","2022-06-25","04","quantile",0.7,150
"2022-06-13","2 wk ahead inc flu hosp","2022-06-25","04","quantile",0.75,163
"2022-06-13","2 wk ahead inc flu hosp","2022-06-25","04","quantile",0.8,180
"2022-06-13","2 wk ahead inc flu hosp","2022-06-25","04","quantile",0.85,199
"2022-06-13","2 wk ahead inc flu hosp","2022-06-25","04","quantile",0.9,225
"2022-06-13","2 wk ahead inc flu hosp","2022-06-25","04","quantile",0.95,266
"2022-06-13","2 wk ahead inc flu hosp","2022-06-25","04","quantile",0.975,305
"2022-06-13","2 wk ahead inc flu hosp","2022-06-25","04","quantile",0.99,354
"2022-06-13","3 wk ahead inc flu hosp","2022-07-02","04","quantile",0.01,0
"2022-06-13","3 wk ahead inc flu hosp","2022-07-02","04","quantile",0.025,1
"2022-06-13","3 wk ahead inc flu hosp","2022-07-02","04","quantile",0.05,6
"2022-06-13","3 wk ahead inc flu hosp","2022-07-02","04","quantile",0.1,18
"2022-06-13","3 wk ahead inc flu hosp","2022-07-02","04","quantile",0.15,30
"2022-06-13","3 wk ahead inc flu hosp","2022-07-02","04","quantile",0.2,41
"2022-06-13","3 wk ahead inc flu hosp","2022-07-02","04","quantile",0.25,51
"2022-06-13","3 wk ahead inc flu hosp","2022-07-02","04","quantile",0.3,62
"2022-06-13","3 wk ahead inc flu hosp","2022-07-02","04","quantile",0.35,73
"2022-06-13","3 wk ahead inc flu hosp","2022-07-02","04","quantile",0.4,84
"2022-06-13","3 wk ahead inc flu hosp","2022-07-02","04","quantile",0.45,95
"2022-06-13","3 wk ahead inc flu hosp","2022-07-02","04","quantile",0.5,107
"2022-06-13","3 wk ahead inc flu hosp","2022-07-02","04","quantile",0.55,119
"2022-06-13","3 wk ahead inc flu hosp","2022-07-02","04","quantile",0.6,132
"2022-06-13","3 wk ahead inc flu hosp","2022-07-02","04","quantile",0.65,146
"2022-06-13","3 wk ahead inc flu hosp","2022-07-02","04","quantile",0.7,163
"2022-06-13","3 wk ahead inc flu hosp","2022-07-02","04","quantile",0.75,180
"2022-06-13","3 wk ahead inc flu hosp","2022-07-02","04","quantile",0.8,202
"2022-06-13","3 wk ahead inc flu hosp","2022-07-02","04","quantile",0.85,228
"2022-06-13","3 wk ahead inc flu hosp","2022-07-02","04","quantile",0.9,263
"2022-06-13","3 wk ahead inc flu hosp","2022-07-02","04","quantile",0.95,320
"2022-06-13","3 wk ahead inc flu hosp","2022-07-02","04","quantile",0.975,374
"2022-06-13","3 wk ahead inc flu hosp","2022-07-02","04","quantile",0.99,443
"2022-06-13","4 wk ahead inc flu hosp","2022-07-09","04","quantile",0.01,0
"2022-06-13","4 wk ahead inc flu hosp","2022-07-09","04","quantile",0.025,0
"2022-06-13","4 wk ahead inc flu hosp","2022-07-09","04","quantile",0.05,1
"2022-06-13","4 wk ahead inc flu hosp","2022-07-09","04","quantile",0.1,10
"2022-06-13","4 wk ahead inc flu hosp","2022-07-09","04","quantile",0.15,21
"2022-06-13","4 wk ahead inc flu hosp","2022-07-09","04","quantile",0.2,32
"2022-06-13","4 wk ahead inc flu hosp","2022-07-09","04","quantile",0.25,44
"2022-06-13","4 wk ahead inc flu hosp","2022-07-09","04","quantile",0.3,55
"2022-06-13","4 wk ahead inc flu hosp","2022-07-09","04","quantile",0.35,67
"2022-06-13","4 wk ahead inc flu hosp","2022-07-09","04","quantile",0.4,80
"2022-06-13","4 wk ahead inc flu hosp","2022-07-09","04","quantile",0.45,93
"2022-06-13","4 wk ahead inc flu hosp","2022-07-09","04","quantile",0.5,107
"2022-06-13","4 wk ahead inc flu hosp","2022-07-09","04","quantile",0.55,121
"2022-06-13","4 wk ahead inc flu hosp","2022-07-09","04","quantile",0.6,137
"2022-06-13","4 wk ahead inc flu hosp","2022-07-09","04","quantile",0.65,154
"2022-06-13","4 wk ahead inc flu hosp","2022-07-09","04","quantile",0.7,173
"2022-06-13","4 wk ahead inc flu hosp","2022-07-09","04","quantile",0.75,195
"2022-06-13","4 wk ahead inc flu hosp","2022-07-09","04","quantile",0.8,221
"2022-06-13","4 wk ahead inc flu hosp","2022-07-09","04","quantile",0.85,253
"2022-06-13","4 wk ahead inc flu hosp","2022-07-09","04","quantile",0.9,296
"2022-06-13","4 wk ahead inc flu hosp","2022-07-09","04","quantile",0.95,366
"2022-06-13","4 wk ahead inc flu hosp","2022-07-09","04","quantile",0.975,434
"2022-06-13","4 wk ahead inc flu hosp","2022-07-09","04","quantile",0.99,523
"2022-06-13","1 wk ahead inc flu hosp","2022-06-18","04","point",NA,106
"2022-06-13","2 wk ahead inc flu hosp","2022-06-25","04","point",NA,107
"2022-06-13","3 wk ahead inc flu hosp","2022-07-02","04","point",NA,107
"2022-06-13","4 wk ahead inc flu hosp","2022-07-09","04","point",NA,107
"2022-06-13","1 wk ahead inc flu hosp","2022-06-18","05","quantile",0.01,0
"2022-06-13","1 wk ahead inc flu hosp","2022-06-18","05","quantile",0.025,0
"2022-06-13","1 wk ahead inc flu hosp","2022-06-18","05","quantile",0.05,0
"2022-06-13","1 wk ahead inc flu hosp","2022-06-18","05","quantile",0.1,1
"2022-06-13","1 wk ahead inc flu hosp","2022-06-18","05","quantile",0.15,1
"2022-06-13","1 wk ahead inc flu hosp","2022-06-18","05","quantile",0.2,2
"2022-06-13","1 wk ahead inc flu hosp","2022-06-18","05","quantile",0.25,4
"2022-06-13","1 wk ahead inc flu hosp","2022-06-18","05","quantile",0.3,6
"2022-06-13","1 wk ahead inc flu hosp","2022-06-18","05","quantile",0.35,8
"2022-06-13","1 wk ahead inc flu hosp","2022-06-18","05","quantile",0.4,10
"2022-06-13","1 wk ahead inc flu hosp","2022-06-18","05","quantile",0.45,13
"2022-06-13","1 wk ahead inc flu hosp","2022-06-18","05","quantile",0.5,17
"2022-06-13","1 wk ahead inc flu hosp","2022-06-18","05","quantile",0.55,20
"2022-06-13","1 wk ahead inc flu hosp","2022-06-18","05","quantile",0.6,24
"2022-06-13","1 wk ahead inc flu hosp","2022-06-18","05","quantile",0.65,29
"2022-06-13","1 wk ahead inc flu hosp","2022-06-18","05","quantile",0.7,34
"2022-06-13","1 wk ahead inc flu hosp","2022-06-18","05","quantile",0.75,40
"2022-06-13","1 wk ahead inc flu hosp","2022-06-18","05","quantile",0.8,47
"2022-06-13","1 wk ahead inc flu hosp","2022-06-18","05","quantile",0.85,56
"2022-06-13","1 wk ahead inc flu hosp","2022-06-18","05","quantile",0.9,68
"2022-06-13","1 wk ahead inc flu hosp","2022-06-18","05","quantile",0.95,88
"2022-06-13","1 wk ahead inc flu hosp","2022-06-18","05","quantile",0.975,106
"2022-06-13","1 wk ahead inc flu hosp","2022-06-18","05","quantile",0.99,129
"2022-06-13","2 wk ahead inc flu hosp","2022-06-25","05","quantile",0.01,0
"2022-06-13","2 wk ahead inc flu hosp","2022-06-25","05","quantile",0.025,0
"2022-06-13","2 wk ahead inc flu hosp","2022-06-25","05","quantile",0.05,0
"2022-06-13","2 wk ahead inc flu hosp","2022-06-25","05","quantile",0.1,0
"2022-06-13","2 wk ahead inc flu hosp","2022-06-25","05","quantile",0.15,0
"2022-06-13","2 wk ahead inc flu hosp","2022-06-25","05","quantile",0.2,0
"2022-06-13","2 wk ahead inc flu hosp","2022-06-25","05","quantile",0.25,1
"2022-06-13","2 wk ahead inc flu hosp","2022-06-25","05","quantile",0.3,3
"2022-06-13","2 wk ahead inc flu hosp","2022-06-25","05","quantile",0.35,5
"2022-06-13","2 wk ahead inc flu hosp","2022-06-25","05","quantile",0.4,8
"2022-06-13","2 wk ahead inc flu hosp","2022-06-25","05","quantile",0.45,12
"2022-06-13","2 wk ahead inc flu hosp","2022-06-25","05","quantile",0.5,17
"2022-06-13","2 wk ahead inc flu hosp","2022-06-25","05","quantile",0.55,22
"2022-06-13","2 wk ahead inc flu hosp","2022-06-25","05","quantile",0.6,29
"2022-06-13","2 wk ahead inc flu hosp","2022-06-25","05","quantile",0.65,37
"2022-06-13","2 wk ahead inc flu hosp","2022-06-25","05","quantile",0.7,46
"2022-06-13","2 wk ahead inc flu hosp","2022-06-25","05","quantile",0.75,56
"2022-06-13","2 wk ahead inc flu hosp","2022-06-25","05","quantile",0.8,69
"2022-06-13","2 wk ahead inc flu hosp","2022-06-25","05","quantile",0.85,86
"2022-06-13","2 wk ahead inc flu hosp","2022-06-25","05","quantile",0.9,110
"2022-06-13","2 wk ahead inc flu hosp","2022-06-25","05","quantile",0.95,148
"2022-06-13","2 wk ahead inc flu hosp","2022-06-25","05","quantile",0.975,187
"2022-06-13","2 wk ahead inc flu hosp","2022-06-25","05","quantile",0.99,236
"2022-06-13","3 wk ahead inc flu hosp","2022-07-02","05","quantile",0.01,0
"2022-06-13","3 wk ahead inc flu hosp","2022-07-02","05","quantile",0.025,0
"2022-06-13","3 wk ahead inc flu hosp","2022-07-02","05","quantile",0.05,0
"2022-06-13","3 wk ahead inc flu hosp","2022-07-02","05","quantile",0.1,0
"2022-06-13","3 wk ahead inc flu hosp","2022-07-02","05","quantile",0.15,0
"2022-06-13","3 wk ahead inc flu hosp","2022-07-02","05","quantile",0.2,0
"2022-06-13","3 wk ahead inc flu hosp","2022-07-02","05","quantile",0.25,0
"2022-06-13","3 wk ahead inc flu hosp","2022-07-02","05","quantile",0.3,1
"2022-06-13","3 wk ahead inc flu hosp","2022-07-02","05","quantile",0.35,3
"2022-06-13","3 wk ahead inc flu hosp","2022-07-02","05","quantile",0.4,6
"2022-06-13","3 wk ahead inc flu hosp","2022-07-02","05","quantile",0.45,11
"2022-06-13","3 wk ahead inc flu hosp","2022-07-02","05","quantile",0.5,17
"2022-06-13","3 wk ahead inc flu hosp","2022-07-02","05","quantile",0.55,24
"2022-06-13","3 wk ahead inc flu hosp","2022-07-02","05","quantile",0.6,33
"2022-06-13","3 wk ahead inc flu hosp","2022-07-02","05","quantile",0.65,43
"2022-06-13","3 wk ahead inc flu hosp","2022-07-02","05","quantile",0.7,56
"2022-06-13","3 wk ahead inc flu hosp","2022-07-02","05","quantile",0.75,71
"2022-06-13","3 wk ahead inc flu hosp","2022-07-02","05","quantile",0.8,88
"2022-06-13","3 wk ahead inc flu hosp","2022-07-02","05","quantile",0.85,112
"2022-06-13","3 wk ahead inc flu hosp","2022-07-02","05","quantile",0.9,145
"2022-06-13","3 wk ahead inc flu hosp","2022-07-02","05","quantile",0.95,202
"2022-06-13","3 wk ahead inc flu hosp","2022-07-02","05","quantile",0.975,259
"2022-06-13","3 wk ahead inc flu hosp","2022-07-02","05","quantile",0.99,332
"2022-06-13","4 wk ahead inc flu hosp","2022-07-09","05","quantile",0.01,0
"2022-06-13","4 wk ahead inc flu hosp","2022-07-09","05","quantile",0.025,0
"2022-06-13","4 wk ahead inc flu hosp","2022-07-09","05","quantile",0.05,0
"2022-06-13","4 wk ahead inc flu hosp","2022-07-09","05","quantile",0.1,0
"2022-06-13","4 wk ahead inc flu hosp","2022-07-09","05","quantile",0.15,0
"2022-06-13","4 wk ahead inc flu hosp","2022-07-09","05","quantile",0.2,0
"2022-06-13","4 wk ahead inc flu hosp","2022-07-09","05","quantile",0.25,0
"2022-06-13","4 wk ahead inc flu hosp","2022-07-09","05","quantile",0.3,1
"2022-06-13","4 wk ahead inc flu hosp","2022-07-09","05","quantile",0.35,2
"2022-06-13","4 wk ahead inc flu hosp","2022-07-09","05","quantile",0.4,5
"2022-06-13","4 wk ahead inc flu hosp","2022-07-09","05","quantile",0.45,10
"2022-06-13","4 wk ahead inc flu hosp","2022-07-09","05","quantile",0.5,17
"2022-06-13","4 wk ahead inc flu hosp","2022-07-09","05","quantile",0.55,26
"2022-06-13","4 wk ahead inc flu hosp","2022-07-09","05","quantile",0.6,36
"2022-06-13","4 wk ahead inc flu hosp","2022-07-09","05","quantile",0.65,49
"2022-06-13","4 wk ahead inc flu hosp","2022-07-09","05","quantile",0.7,63
"2022-06-13","4 wk ahead inc flu hosp","2022-07-09","05","quantile",0.75,82
"2022-06-13","4 wk ahead inc flu hosp","2022-07-09","05","quantile",0.8,105
"2022-06-13","4 wk ahead inc flu hosp","2022-07-09","05","quantile",0.85,135
"2022-06-13","4 wk ahead inc flu hosp","2022-07-09","05","quantile",0.9,178
"2022-06-13","4 wk ahead inc flu hosp","2022-07-09","05","quantile",0.95,253
"2022-06-13","4 wk ahead inc flu hosp","2022-07-09","05","quantile",0.975,327
"2022-06-13","4 wk ahead inc flu hosp","2022-07-09","05","quantile",0.99,423
"2022-06-13","1 wk ahead inc flu hosp","2022-06-18","05","point",NA,17
"2022-06-13","2 wk ahead inc flu hosp","2022-06-25","05","point",NA,17
"2022-06-13","3 wk ahead inc flu hosp","2022-07-02","05","point",NA,17
"2022-06-13","4 wk ahead inc flu hosp","2022-07-09","05","point",NA,17
"2022-06-13","1 wk ahead inc flu hosp","2022-06-18","06","quantile",0.01,69
"2022-06-13","1 wk ahead inc flu hosp","2022-06-18","06","quantile",0.025,99
"2022-06-13","1 wk ahead inc flu hosp","2022-06-18","06","quantile",0.05,132
"2022-06-13","1 wk ahead inc flu hosp","2022-06-18","06","quantile",0.1,174
"2022-06-13","1 wk ahead inc flu hosp","2022-06-18","06","quantile",0.15,207
"2022-06-13","1 wk ahead inc flu hosp","2022-06-18","06","quantile",0.2,234
"2022-06-13","1 wk ahead inc flu hosp","2022-06-18","06","quantile",0.25,260
"2022-06-13","1 wk ahead inc flu hosp","2022-06-18","06","quantile",0.3,283
"2022-06-13","1 wk ahead inc flu hosp","2022-06-18","06","quantile",0.35,307
"2022-06-13","1 wk ahead inc flu hosp","2022-06-18","06","quantile",0.4,330
"2022-06-13","1 wk ahead inc flu hosp","2022-06-18","06","quantile",0.45,353
"2022-06-13","1 wk ahead inc flu hosp","2022-06-18","06","quantile",0.5,376
"2022-06-13","1 wk ahead inc flu hosp","2022-06-18","06","quantile",0.55,400
"2022-06-13","1 wk ahead inc flu hosp","2022-06-18","06","quantile",0.6,426
"2022-06-13","1 wk ahead inc flu hosp","2022-06-18","06","quantile",0.65,453
"2022-06-13","1 wk ahead inc flu hosp","2022-06-18","06","quantile",0.7,482
"2022-06-13","1 wk ahead inc flu hosp","2022-06-18","06","quantile",0.75,516
"2022-06-13","1 wk ahead inc flu hosp","2022-06-18","06","quantile",0.8,553
"2022-06-13","1 wk ahead inc flu hosp","2022-06-18","06","quantile",0.85,598
"2022-06-13","1 wk ahead inc flu hosp","2022-06-18","06","quantile",0.9,659
"2022-06-13","1 wk ahead inc flu hosp","2022-06-18","06","quantile",0.95,753
"2022-06-13","1 wk ahead inc flu hosp","2022-06-18","06","quantile",0.975,840
"2022-06-13","1 wk ahead inc flu hosp","2022-06-18","06","quantile",0.99,947
"2022-06-13","2 wk ahead inc flu hosp","2022-06-25","06","quantile",0.01,5
"2022-06-13","2 wk ahead inc flu hosp","2022-06-25","06","quantile",0.025,22
"2022-06-13","2 wk ahead inc flu hosp","2022-06-25","06","quantile",0.05,47
"2022-06-13","2 wk ahead inc flu hosp","2022-06-25","06","quantile",0.1,92
"2022-06-13","2 wk ahead inc flu hosp","2022-06-25","06","quantile",0.15,132
"2022-06-13","2 wk ahead inc flu hosp","2022-06-25","06","quantile",0.2,168
"2022-06-13","2 wk ahead inc flu hosp","2022-06-25","06","quantile",0.25,202
"2022-06-13","2 wk ahead inc flu hosp","2022-06-25","06","quantile",0.3,236
"2022-06-13","2 wk ahead inc flu hosp","2022-06-25","06","quantile",0.35,271
"2022-06-13","2 wk ahead inc flu hosp","2022-06-25","06","quantile",0.4,305
"2022-06-13","2 wk ahead inc flu hosp","2022-06-25","06","quantile",0.45,340
"2022-06-13","2 wk ahead inc flu hosp","2022-06-25","06","quantile",0.5,376
"2022-06-13","2 wk ahead inc flu hosp","2022-06-25","06","quantile",0.55,415
"2022-06-13","2 wk ahead inc flu hosp","2022-06-25","06","quantile",0.6,455
"2022-06-13","2 wk ahead inc flu hosp","2022-06-25","06","quantile",0.65,498
"2022-06-13","2 wk ahead inc flu hosp","2022-06-25","06","quantile",0.7,547
"2022-06-13","2 wk ahead inc flu hosp","2022-06-25","06","quantile",0.75,602
"2022-06-13","2 wk ahead inc flu hosp","2022-06-25","06","quantile",0.8,666
"2022-06-13","2 wk ahead inc flu hosp","2022-06-25","06","quantile",0.85,745
"2022-06-13","2 wk ahead inc flu hosp","2022-06-25","06","quantile",0.9,847
"2022-06-13","2 wk ahead inc flu hosp","2022-06-25","06","quantile",0.95,1018
"2022-06-13","2 wk ahead inc flu hosp","2022-06-25","06","quantile",0.975,1180
"2022-06-13","2 wk ahead inc flu hosp","2022-06-25","06","quantile",0.99,1378
"2022-06-13","3 wk ahead inc flu hosp","2022-07-02","06","quantile",0.01,0
"2022-06-13","3 wk ahead inc flu hosp","2022-07-02","06","quantile",0.025,2
"2022-06-13","3 wk ahead inc flu hosp","2022-07-02","06","quantile",0.05,13
"2022-06-13","3 wk ahead inc flu hosp","2022-07-02","06","quantile",0.1,49
"2022-06-13","3 wk ahead inc flu hosp","2022-07-02","06","quantile",0.15,88
"2022-06-13","3 wk ahead inc flu hosp","2022-07-02","06","quantile",0.2,127
"2022-06-13","3 wk ahead inc flu hosp","2022-07-02","06","quantile",0.25,166
"2022-06-13","3 wk ahead inc flu hosp","2022-07-02","06","quantile",0.3,205
"2022-06-13","3 wk ahead inc flu hosp","2022-07-02","06","quantile",0.35,246
"2022-06-13","3 wk ahead inc flu hosp","2022-07-02","06","quantile",0.4,287
"2022-06-13","3 wk ahead inc flu hosp","2022-07-02","06","quantile",0.45,331
"2022-06-13","3 wk ahead inc flu hosp","2022-07-02","06","quantile",0.5,377
"2022-06-13","3 wk ahead inc flu hosp","2022-07-02","06","quantile",0.55,425
"2022-06-13","3 wk ahead inc flu hosp","2022-07-02","06","quantile",0.6,476
"2022-06-13","3 wk ahead inc flu hosp","2022-07-02","06","quantile",0.65,535
"2022-06-13","3 wk ahead inc flu hosp","2022-07-02","06","quantile",0.7,598
"2022-06-13","3 wk ahead inc flu hosp","2022-07-02","06","quantile",0.75,673
"2022-06-13","3 wk ahead inc flu hosp","2022-07-02","06","quantile",0.8,758
"2022-06-13","3 wk ahead inc flu hosp","2022-07-02","06","quantile",0.85,866
"2022-06-13","3 wk ahead inc flu hosp","2022-07-02","06","quantile",0.9,1007
"2022-06-13","3 wk ahead inc flu hosp","2022-07-02","06","quantile",0.95,1240
"2022-06-13","3 wk ahead inc flu hosp","2022-07-02","06","quantile",0.975,1456
"2022-06-13","3 wk ahead inc flu hosp","2022-07-02","06","quantile",0.99,1739
"2022-06-13","4 wk ahead inc flu hosp","2022-07-09","06","quantile",0.01,0
"2022-06-13","4 wk ahead inc flu hosp","2022-07-09","06","quantile",0.025,0
"2022-06-13","4 wk ahead inc flu hosp","2022-07-09","06","quantile",0.05,3
"2022-06-13","4 wk ahead inc flu hosp","2022-07-09","06","quantile",0.1,24
"2022-06-13","4 wk ahead inc flu hosp","2022-07-09","06","quantile",0.15,59
"2022-06-13","4 wk ahead inc flu hosp","2022-07-09","06","quantile",0.2,98
"2022-06-13","4 wk ahead inc flu hosp","2022-07-09","06","quantile",0.25,140
"2022-06-13","4 wk ahead inc flu hosp","2022-07-09","06","quantile",0.3,183
"2022-06-13","4 wk ahead inc flu hosp","2022-07-09","06","quantile",0.35,228
"2022-06-13","4 wk ahead inc flu hosp","2022-07-09","06","quantile",0.4,274
"2022-06-13","4 wk ahead inc flu hosp","2022-07-09","06","quantile",0.45,324
"2022-06-13","4 wk ahead inc flu hosp","2022-07-09","06","quantile",0.5,377
"2022-06-13","4 wk ahead inc flu hosp","2022-07-09","06","quantile",0.55,433
"2022-06-13","4 wk ahead inc flu hosp","2022-07-09","06","quantile",0.6,495
"2022-06-13","4 wk ahead inc flu hosp","2022-07-09","06","quantile",0.65,564
"2022-06-13","4 wk ahead inc flu hosp","2022-07-09","06","quantile",0.7,641
"2022-06-13","4 wk ahead inc flu hosp","2022-07-09","06","quantile",0.75,731
"2022-06-13","4 wk ahead inc flu hosp","2022-07-09","06","quantile",0.8,836
"2022-06-13","4 wk ahead inc flu hosp","2022-07-09","06","quantile",0.85,966
"2022-06-13","4 wk ahead inc flu hosp","2022-07-09","06","quantile",0.9,1148
"2022-06-13","4 wk ahead inc flu hosp","2022-07-09","06","quantile",0.95,1436
"2022-06-13","4 wk ahead inc flu hosp","2022-07-09","06","quantile",0.975,1714
"2022-06-13","4 wk ahead inc flu hosp","2022-07-09","06","quantile",0.99,2076
"2022-06-13","1 wk ahead inc flu hosp","2022-06-18","06","point",NA,376
"2022-06-13","2 wk ahead inc flu hosp","2022-06-25","06","point",NA,376
"2022-06-13","3 wk ahead inc flu hosp","2022-07-02","06","point",NA,377
"2022-06-13","4 wk ahead inc flu hosp","2022-07-09","06","point",NA,377
"2022-06-13","1 wk ahead inc flu hosp","2022-06-18","08","quantile",0.01,0
"2022-06-13","1 wk ahead inc flu hosp","2022-06-18","08","quantile",0.025,1
"2022-06-13","1 wk ahead inc flu hosp","2022-06-18","08","quantile",0.05,3
"2022-06-13","1 wk ahead inc flu hosp","2022-06-18","08","quantile",0.1,7
"2022-06-13","1 wk ahead inc flu hosp","2022-06-18","08","quantile",0.15,11
"2022-06-13","1 wk ahead inc flu hosp","2022-06-18","08","quantile",0.2,15
"2022-06-13","1 wk ahead inc flu hosp","2022-06-18","08","quantile",0.25,20
"2022-06-13","1 wk ahead inc flu hosp","2022-06-18","08","quantile",0.3,24
"2022-06-13","1 wk ahead inc flu hosp","2022-06-18","08","quantile",0.35,29
"2022-06-13","1 wk ahead inc flu hosp","2022-06-18","08","quantile",0.4,34
"2022-06-13","1 wk ahead inc flu hosp","2022-06-18","08","quantile",0.45,39
"2022-06-13","1 wk ahead inc flu hosp","2022-06-18","08","quantile",0.5,44
"2022-06-13","1 wk ahead inc flu hosp","2022-06-18","08","quantile",0.55,50
"2022-06-13","1 wk ahead inc flu hosp","2022-06-18","08","quantile",0.6,56
"2022-06-13","1 wk ahead inc flu hosp","2022-06-18","08","quantile",0.65,63
"2022-06-13","1 wk ahead inc flu hosp","2022-06-18","08","quantile",0.7,70
"2022-06-13","1 wk ahead inc flu hosp","2022-06-18","08","quantile",0.75,78
"2022-06-13","1 wk ahead inc flu hosp","2022-06-18","08","quantile",0.8,88
"2022-06-13","1 wk ahead inc flu hosp","2022-06-18","08","quantile",0.85,100
"2022-06-13","1 wk ahead inc flu hosp","2022-06-18","08","quantile",0.9,117
"2022-06-13","1 wk ahead inc flu hosp","2022-06-18","08","quantile",0.95,143
"2022-06-13","1 wk ahead inc flu hosp","2022-06-18","08","quantile",0.975,168
"2022-06-13","1 wk ahead inc flu hosp","2022-06-18","08","quantile",0.99,200
"2022-06-13","2 wk ahead inc flu hosp","2022-06-25","08","quantile",0.01,0
"2022-06-13","2 wk ahead inc flu hosp","2022-06-25","08","quantile",0.025,0
"2022-06-13","2 wk ahead inc flu hosp","2022-06-25","08","quantile",0.05,0
"2022-06-13","2 wk ahead inc flu hosp","2022-06-25","08","quantile",0.1,1
"2022-06-13","2 wk ahead inc flu hosp","2022-06-25","08","quantile",0.15,3
"2022-06-13","2 wk ahead inc flu hosp","2022-06-25","08","quantile",0.2,6
"2022-06-13","2 wk ahead inc flu hosp","2022-06-25","08","quantile",0.25,10
"2022-06-13","2 wk ahead inc flu hosp","2022-06-25","08","quantile",0.3,16
"2022-06-13","2 wk ahead inc flu hosp","2022-06-25","08","quantile",0.35,22
"2022-06-13","2 wk ahead inc flu hosp","2022-06-25","08","quantile",0.4,29
"2022-06-13","2 wk ahead inc flu hosp","2022-06-25","08","quantile",0.45,37
"2022-06-13","2 wk ahead inc flu hosp","2022-06-25","08","quantile",0.5,45
"2022-06-13","2 wk ahead inc flu hosp","2022-06-25","08","quantile",0.55,54
"2022-06-13","2 wk ahead inc flu hosp","2022-06-25","08","quantile",0.6,64
"2022-06-13","2 wk ahead inc flu hosp","2022-06-25","08","quantile",0.65,74
"2022-06-13","2 wk ahead inc flu hosp","2022-06-25","08","quantile",0.7,87
"2022-06-13","2 wk ahead inc flu hosp","2022-06-25","08","quantile",0.75,102
"2022-06-13","2 wk ahead inc flu hosp","2022-06-25","08","quantile",0.8,119
"2022-06-13","2 wk ahead inc flu hosp","2022-06-25","08","quantile",0.85,141
"2022-06-13","2 wk ahead inc flu hosp","2022-06-25","08","quantile",0.9,171
"2022-06-13","2 wk ahead inc flu hosp","2022-06-25","08","quantile",0.95,221
"2022-06-13","2 wk ahead inc flu hosp","2022-06-25","08","quantile",0.975,267
"2022-06-13","2 wk ahead inc flu hosp","2022-06-25","08","quantile",0.99,329
"2022-06-13","3 wk ahead inc flu hosp","2022-07-02","08","quantile",0.01,0
"2022-06-13","3 wk ahead inc flu hosp","2022-07-02","08","quantile",0.025,0
"2022-06-13","3 wk ahead inc flu hosp","2022-07-02","08","quantile",0.05,0
"2022-06-13","3 wk ahead inc flu hosp","2022-07-02","08","quantile",0.1,0
"2022-06-13","3 wk ahead inc flu hosp","2022-07-02","08","quantile",0.15,1
"2022-06-13","3 wk ahead inc flu hosp","2022-07-02","08","quantile",0.2,2
"2022-06-13","3 wk ahead inc flu hosp","2022-07-02","08","quantile",0.25,6
"2022-06-13","3 wk ahead inc flu hosp","2022-07-02","08","quantile",0.3,11
"2022-06-13","3 wk ahead inc flu hosp","2022-07-02","08","quantile",0.35,17
"2022-06-13","3 wk ahead inc flu hosp","2022-07-02","08","quantile",0.4,25
"2022-06-13","3 wk ahead inc flu hosp","2022-07-02","08","quantile",0.45,35
"2022-06-13","3 wk ahead inc flu hosp","2022-07-02","08","quantile",0.5,45
"2022-06-13","3 wk ahead inc flu hosp","2022-07-02","08","quantile",0.55,56
"2022-06-13","3 wk ahead inc flu hosp","2022-07-02","08","quantile",0.6,69
"2022-06-13","3 wk ahead inc flu hosp","2022-07-02","08","quantile",0.65,83
"2022-06-13","3 wk ahead inc flu hosp","2022-07-02","08","quantile",0.7,100
"2022-06-13","3 wk ahead inc flu hosp","2022-07-02","08","quantile",0.75,120
"2022-06-13","3 wk ahead inc flu hosp","2022-07-02","08","quantile",0.8,144
"2022-06-13","3 wk ahead inc flu hosp","2022-07-02","08","quantile",0.85,175
"2022-06-13","3 wk ahead inc flu hosp","2022-07-02","08","quantile",0.9,217
"2022-06-13","3 wk ahead inc flu hosp","2022-07-02","08","quantile",0.95,286
"2022-06-13","3 wk ahead inc flu hosp","2022-07-02","08","quantile",0.975,353
"2022-06-13","3 wk ahead inc flu hosp","2022-07-02","08","quantile",0.99,442
"2022-06-13","4 wk ahead inc flu hosp","2022-07-09","08","quantile",0.01,0
"2022-06-13","4 wk ahead inc flu hosp","2022-07-09","08","quantile",0.025,0
"2022-06-13","4 wk ahead inc flu hosp","2022-07-09","08","quantile",0.05,0
"2022-06-13","4 wk ahead inc flu hosp","2022-07-09","08","quantile",0.1,0
"2022-06-13","4 wk ahead inc flu hosp","2022-07-09","08","quantile",0.15,0
"2022-06-13","4 wk ahead inc flu hosp","2022-07-09","08","quantile",0.2,1
"2022-06-13","4 wk ahead inc flu hosp","2022-07-09","08","quantile",0.25,3
"2022-06-13","4 wk ahead inc flu hosp","2022-07-09","08","quantile",0.3,7
"2022-06-13","4 wk ahead inc flu hosp","2022-07-09","08","quantile",0.35,14
"2022-06-13","4 wk ahead inc flu hosp","2022-07-09","08","quantile",0.4,23
"2022-06-13","4 wk ahead inc flu hosp","2022-07-09","08","quantile",0.45,33
"2022-06-13","4 wk ahead inc flu hosp","2022-07-09","08","quantile",0.5,45
"2022-06-13","4 wk ahead inc flu hosp","2022-07-09","08","quantile",0.55,58
"2022-06-13","4 wk ahead inc flu hosp","2022-07-09","08","quantile",0.6,73
"2022-06-13","4 wk ahead inc flu hosp","2022-07-09","08","quantile",0.65,91
"2022-06-13","4 wk ahead inc flu hosp","2022-07-09","08","quantile",0.7,111
"2022-06-13","4 wk ahead inc flu hosp","2022-07-09","08","quantile",0.75,136
"2022-06-13","4 wk ahead inc flu hosp","2022-07-09","08","quantile",0.8,165
"2022-06-13","4 wk ahead inc flu hosp","2022-07-09","08","quantile",0.85,204
"2022-06-13","4 wk ahead inc flu hosp","2022-07-09","08","quantile",0.9,257
"2022-06-13","4 wk ahead inc flu hosp","2022-07-09","08","quantile",0.95,347
"2022-06-13","4 wk ahead inc flu hosp","2022-07-09","08","quantile",0.975,435
"2022-06-13","4 wk ahead inc flu hosp","2022-07-09","08","quantile",0.99,550
"2022-06-13","1 wk ahead inc flu hosp","2022-06-18","08","point",NA,44
"2022-06-13","2 wk ahead inc flu hosp","2022-06-25","08","point",NA,45
"2022-06-13","3 wk ahead inc flu hosp","2022-07-02","08","point",NA,45
"2022-06-13","4 wk ahead inc flu hosp","2022-07-09","08","point",NA,45
"2022-06-13","1 wk ahead inc flu hosp","2022-06-18","09","quantile",0.01,0
"2022-06-13","1 wk ahead inc flu hosp","2022-06-18","09","quantile",0.025,0
"2022-06-13","1 wk ahead inc flu hosp","2022-06-18","09","quantile",0.05,0
"2022-06-13","1 wk ahead inc flu hosp","2022-06-18","09","quantile",0.1,0
"2022-06-13","1 wk ahead inc flu hosp","2022-06-18","09","quantile",0.15,0
"2022-06-13","1 wk ahead inc flu hosp","2022-06-18","09","quantile",0.2,1
"2022-06-13","1 wk ahead inc flu hosp","2022-06-18","09","quantile",0.25,3
"2022-06-13","1 wk ahead inc flu hosp","2022-06-18","09","quantile",0.3,5
"2022-06-13","1 wk ahead inc flu hosp","2022-06-18","09","quantile",0.35,8
"2022-06-13","1 wk ahead inc flu hosp","2022-06-18","09","quantile",0.4,11
"2022-06-13","1 wk ahead inc flu hosp","2022-06-18","09","quantile",0.45,16
"2022-06-13","1 wk ahead inc flu hosp","2022-06-18","09","quantile",0.5,22
"2022-06-13","1 wk ahead inc flu hosp","2022-06-18","09","quantile",0.55,29
"2022-06-13","1 wk ahead inc flu hosp","2022-06-18","09","quantile",0.6,37
"2022-06-13","1 wk ahead inc flu hosp","2022-06-18","09","quantile",0.65,46
"2022-06-13","1 wk ahead inc flu hosp","2022-06-18","09","quantile",0.7,58
"2022-06-13","1 wk ahead inc flu hosp","2022-06-18","09","quantile",0.75,72
"2022-06-13","1 wk ahead inc flu hosp","2022-06-18","09","quantile",0.8,90
"2022-06-13","1 wk ahead inc flu hosp","2022-06-18","09","quantile",0.85,114
"2022-06-13","1 wk ahead inc flu hosp","2022-06-18","09","quantile",0.9,148
"2022-06-13","1 wk ahead inc flu hosp","2022-06-18","09","quantile",0.95,207
"2022-06-13","1 wk ahead inc flu hosp","2022-06-18","09","quantile",0.975,265
"2022-06-13","1 wk ahead inc flu hosp","2022-06-18","09","quantile",0.99,345
"2022-06-13","2 wk ahead inc flu hosp","2022-06-25","09","quantile",0.01,0
"2022-06-13","2 wk ahead inc flu hosp","2022-06-25","09","quantile",0.025,0
"2022-06-13","2 wk ahead inc flu hosp","2022-06-25","09","quantile",0.05,0
"2022-06-13","2 wk ahead inc flu hosp","2022-06-25","09","quantile",0.1,0
"2022-06-13","2 wk ahead inc flu hosp","2022-06-25","09","quantile",0.15,0
"2022-06-13","2 wk ahead inc flu hosp","2022-06-25","09","quantile",0.2,0
"2022-06-13","2 wk ahead inc flu hosp","2022-06-25","09","quantile",0.25,0
"2022-06-13","2 wk ahead inc flu hosp","2022-06-25","09","quantile",0.3,1
"2022-06-13","2 wk ahead inc flu hosp","2022-06-25","09","quantile",0.35,4
"2022-06-13","2 wk ahead inc flu hosp","2022-06-25","09","quantile",0.4,8
"2022-06-13","2 wk ahead inc flu hosp","2022-06-25","09","quantile",0.45,14
"2022-06-13","2 wk ahead inc flu hosp","2022-06-25","09","quantile",0.5,23
"2022-06-13","2 wk ahead inc flu hosp","2022-06-25","09","quantile",0.55,34
"2022-06-13","2 wk ahead inc flu hosp","2022-06-25","09","quantile",0.6,48
"2022-06-13","2 wk ahead inc flu hosp","2022-06-25","09","quantile",0.65,66
"2022-06-13","2 wk ahead inc flu hosp","2022-06-25","09","quantile",0.7,88
"2022-06-13","2 wk ahead inc flu hosp","2022-06-25","09","quantile",0.75,115
"2022-06-13","2 wk ahead inc flu hosp","2022-06-25","09","quantile",0.8,150
"2022-06-13","2 wk ahead inc flu hosp","2022-06-25","09","quantile",0.85,198
"2022-06-13","2 wk ahead inc flu hosp","2022-06-25","09","quantile",0.9,265
"2022-06-13","2 wk ahead inc flu hosp","2022-06-25","09","quantile",0.95,386
"2022-06-13","2 wk ahead inc flu hosp","2022-06-25","09","quantile",0.975,507
"2022-06-13","2 wk ahead inc flu hosp","2022-06-25","09","quantile",0.99,677
"2022-06-13","3 wk ahead inc flu hosp","2022-07-02","09","quantile",0.01,0
"2022-06-13","3 wk ahead inc flu hosp","2022-07-02","09","quantile",0.025,0
"2022-06-13","3 wk ahead inc flu hosp","2022-07-02","09","quantile",0.05,0
"2022-06-13","3 wk ahead inc flu hosp","2022-07-02","09","quantile",0.1,0
"2022-06-13","3 wk ahead inc flu hosp","2022-07-02","09","quantile",0.15,0
"2022-06-13","3 wk ahead inc flu hosp","2022-07-02","09","quantile",0.2,0
"2022-06-13","3 wk ahead inc flu hosp","2022-07-02","09","quantile",0.25,0
"2022-06-13","3 wk ahead inc flu hosp","2022-07-02","09","quantile",0.3,0
"2022-06-13","3 wk ahead inc flu hosp","2022-07-02","09","quantile",0.35,2
"2022-06-13","3 wk ahead inc flu hosp","2022-07-02","09","quantile",0.4,6
"2022-06-13","3 wk ahead inc flu hosp","2022-07-02","09","quantile",0.45,13
"2022-06-13","3 wk ahead inc flu hosp","2022-07-02","09","quantile",0.5,23
"2022-06-13","3 wk ahead inc flu hosp","2022-07-02","09","quantile",0.55,38
"2022-06-13","3 wk ahead inc flu hosp","2022-07-02","09","quantile",0.6,57
"2022-06-13","3 wk ahead inc flu hosp","2022-07-02","09","quantile",0.65,81
"2022-06-13","3 wk ahead inc flu hosp","2022-07-02","09","quantile",0.7,111
"2022-06-13","3 wk ahead inc flu hosp","2022-07-02","09","quantile",0.75,151
"2022-06-13","3 wk ahead inc flu hosp","2022-07-02","09","quantile",0.8,202
"2022-06-13","3 wk ahead inc flu hosp","2022-07-02","09","quantile",0.85,271
"2022-06-13","3 wk ahead inc flu hosp","2022-07-02","09","quantile",0.9,375
"2022-06-13","3 wk ahead inc flu hosp","2022-07-02","09","quantile",0.95,556
"2022-06-13","3 wk ahead inc flu hosp","2022-07-02","09","quantile",0.975,746
"2022-06-13","3 wk ahead inc flu hosp","2022-07-02","09","quantile",0.99,1016
"2022-06-13","4 wk ahead inc flu hosp","2022-07-09","09","quantile",0.01,0
"2022-06-13","4 wk ahead inc flu hosp","2022-07-09","09","quantile",0.025,0
"2022-06-13","4 wk ahead inc flu hosp","2022-07-09","09","quantile",0.05,0
"2022-06-13","4 wk ahead inc flu hosp","2022-07-09","09","quantile",0.1,0
"2022-06-13","4 wk ahead inc flu hosp","2022-07-09","09","quantile",0.15,0
"2022-06-13","4 wk ahead inc flu hosp","2022-07-09","09","quantile",0.2,0
"2022-06-13","4 wk ahead inc flu hosp","2022-07-09","09","quantile",0.25,0
"2022-06-13","4 wk ahead inc flu hosp","2022-07-09","09","quantile",0.3,0
"2022-06-13","4 wk ahead inc flu hosp","2022-07-09","09","quantile",0.35,1
"2022-06-13","4 wk ahead inc flu hosp","2022-07-09","09","quantile",0.4,4
"2022-06-13","4 wk ahead inc flu hosp","2022-07-09","09","quantile",0.45,11
"2022-06-13","4 wk ahead inc flu hosp","2022-07-09","09","quantile",0.5,23
"2022-06-13","4 wk ahead inc flu hosp","2022-07-09","09","quantile",0.55,41
"2022-06-13","4 wk ahead inc flu hosp","2022-07-09","09","quantile",0.6,65
"2022-06-13","4 wk ahead inc flu hosp","2022-07-09","09","quantile",0.65,96
"2022-06-13","4 wk ahead inc flu hosp","2022-07-09","09","quantile",0.7,135
"2022-06-13","4 wk ahead inc flu hosp","2022-07-09","09","quantile",0.75,186
"2022-06-13","4 wk ahead inc flu hosp","2022-07-09","09","quantile",0.8,253
"2022-06-13","4 wk ahead inc flu hosp","2022-07-09","09","quantile",0.85,344
"2022-06-13","4 wk ahead inc flu hosp","2022-07-09","09","quantile",0.9,480
"2022-06-13","4 wk ahead inc flu hosp","2022-07-09","09","quantile",0.95,722
"2022-06-13","4 wk ahead inc flu hosp","2022-07-09","09","quantile",0.975,977
"2022-06-13","4 wk ahead inc flu hosp","2022-07-09","09","quantile",0.99,1324
"2022-06-13","1 wk ahead inc flu hosp","2022-06-18","09","point",NA,22
"2022-06-13","2 wk ahead inc flu hosp","2022-06-25","09","point",NA,23
"2022-06-13","3 wk ahead inc flu hosp","2022-07-02","09","point",NA,23
"2022-06-13","4 wk ahead inc flu hosp","2022-07-09","09","point",NA,23
"2022-06-13","1 wk ahead inc flu hosp","2022-06-18","10","quantile",0.01,0
"2022-06-13","1 wk ahead inc flu hosp","2022-06-18","10","quantile",0.025,0
"2022-06-13","1 wk ahead inc flu hosp","2022-06-18","10","quantile",0.05,0
"2022-06-13","1 wk ahead inc flu hosp","2022-06-18","10","quantile",0.1,0
"2022-06-13","1 wk ahead inc flu hosp","2022-06-18","10","quantile",0.15,1
"2022-06-13","1 wk ahead inc flu hosp","2022-06-18","10","quantile",0.2,1
"2022-06-13","1 wk ahead inc flu hosp","2022-06-18","10","quantile",0.25,2
"2022-06-13","1 wk ahead inc flu hosp","2022-06-18","10","quantile",0.3,3
"2022-06-13","1 wk ahead inc flu hosp","2022-06-18","10","quantile",0.35,4
"2022-06-13","1 wk ahead inc flu hosp","2022-06-18","10","quantile",0.4,5
"2022-06-13","1 wk ahead inc flu hosp","2022-06-18","10","quantile",0.45,7
"2022-06-13","1 wk ahead inc flu hosp","2022-06-18","10","quantile",0.5,9
"2022-06-13","1 wk ahead inc flu hosp","2022-06-18","10","quantile",0.55,11
"2022-06-13","1 wk ahead inc flu hosp","2022-06-18","10","quantile",0.6,14
"2022-06-13","1 wk ahead inc flu hosp","2022-06-18","10","quantile",0.65,16
"2022-06-13","1 wk ahead inc flu hosp","2022-06-18","10","quantile",0.7,20
"2022-06-13","1 wk ahead inc flu hosp","2022-06-18","10","quantile",0.75,23
"2022-06-13","1 wk ahead inc flu hosp","2022-06-18","10","quantile",0.8,28
"2022-06-13","1 wk ahead inc flu hosp","2022-06-18","10","quantile",0.85,33
"2022-06-13","1 wk ahead inc flu hosp","2022-06-18","10","quantile",0.9,41
"2022-06-13","1 wk ahead inc flu hosp","2022-06-18","10","quantile",0.95,53
"2022-06-13","1 wk ahead inc flu hosp","2022-06-18","10","quantile",0.975,65
"2022-06-13","1 wk ahead inc flu hosp","2022-06-18","10","quantile",0.99,80
"2022-06-13","2 wk ahead inc flu hosp","2022-06-25","10","quantile",0.01,0
"2022-06-13","2 wk ahead inc flu hosp","2022-06-25","10","quantile",0.025,0
"2022-06-13","2 wk ahead inc flu hosp","2022-06-25","10","quantile",0.05,0
"2022-06-13","2 wk ahead inc flu hosp","2022-06-25","10","quantile",0.1,0
"2022-06-13","2 wk ahead inc flu hosp","2022-06-25","10","quantile",0.15,0
"2022-06-13","2 wk ahead inc flu hosp","2022-06-25","10","quantile",0.2,0
"2022-06-13","2 wk ahead inc flu hosp","2022-06-25","10","quantile",0.25,1
"2022-06-13","2 wk ahead inc flu hosp","2022-06-25","10","quantile",0.3,1
"2022-06-13","2 wk ahead inc flu hosp","2022-06-25","10","quantile",0.35,2
"2022-06-13","2 wk ahead inc flu hosp","2022-06-25","10","quantile",0.4,4
"2022-06-13","2 wk ahead inc flu hosp","2022-06-25","10","quantile",0.45,6
"2022-06-13","2 wk ahead inc flu hosp","2022-06-25","10","quantile",0.5,9
"2022-06-13","2 wk ahead inc flu hosp","2022-06-25","10","quantile",0.55,13
"2022-06-13","2 wk ahead inc flu hosp","2022-06-25","10","quantile",0.6,17
"2022-06-13","2 wk ahead inc flu hosp","2022-06-25","10","quantile",0.65,21
"2022-06-13","2 wk ahead inc flu hosp","2022-06-25","10","quantile",0.7,27
"2022-06-13","2 wk ahead inc flu hosp","2022-06-25","10","quantile",0.75,34
"2022-06-13","2 wk ahead inc flu hosp","2022-06-25","10","quantile",0.8,42
"2022-06-13","2 wk ahead inc flu hosp","2022-06-25","10","quantile",0.85,52
"2022-06-13","2 wk ahead inc flu hosp","2022-06-25","10","quantile",0.9,67
"2022-06-13","2 wk ahead inc flu hosp","2022-06-25","10","quantile",0.95,91
"2022-06-13","2 wk ahead inc flu hosp","2022-06-25","10","quantile",0.975,114
"2022-06-13","2 wk ahead inc flu hosp","2022-06-25","10","quantile",0.99,145
"2022-06-13","3 wk ahead inc flu hosp","2022-07-02","10","quantile",0.01,0
"2022-06-13","3 wk ahead inc flu hosp","2022-07-02","10","quantile",0.025,0
"2022-06-13","3 wk ahead inc flu hosp","2022-07-02","10","quantile",0.05,0
"2022-06-13","3 wk ahead inc flu hosp","2022-07-02","10","quantile",0.1,0
"2022-06-13","3 wk ahead inc flu hosp","2022-07-02","10","quantile",0.15,0
"2022-06-13","3 wk ahead inc flu hosp","2022-07-02","10","quantile",0.2,0
"2022-06-13","3 wk ahead inc flu hosp","2022-07-02","10","quantile",0.25,0
"2022-06-13","3 wk ahead inc flu hosp","2022-07-02","10","quantile",0.3,1
"2022-06-13","3 wk ahead inc flu hosp","2022-07-02","10","quantile",0.35,2
"2022-06-13","3 wk ahead inc flu hosp","2022-07-02","10","quantile",0.4,3
"2022-06-13","3 wk ahead inc flu hosp","2022-07-02","10","quantile",0.45,6
"2022-06-13","3 wk ahead inc flu hosp","2022-07-02","10","quantile",0.5,9
"2022-06-13","3 wk ahead inc flu hosp","2022-07-02","10","quantile",0.55,14
"2022-06-13","3 wk ahead inc flu hosp","2022-07-02","10","quantile",0.6,19
"2022-06-13","3 wk ahead inc flu hosp","2022-07-02","10","quantile",0.65,25
"2022-06-13","3 wk ahead inc flu hosp","2022-07-02","10","quantile",0.7,33
"2022-06-13","3 wk ahead inc flu hosp","2022-07-02","10","quantile",0.75,42
"2022-06-13","3 wk ahead inc flu hosp","2022-07-02","10","quantile",0.8,53
"2022-06-13","3 wk ahead inc flu hosp","2022-07-02","10","quantile",0.85,68
"2022-06-13","3 wk ahead inc flu hosp","2022-07-02","10","quantile",0.9,89
"2022-06-13","3 wk ahead inc flu hosp","2022-07-02","10","quantile",0.95,124
"2022-06-13","3 wk ahead inc flu hosp","2022-07-02","10","quantile",0.975,159
"2022-06-13","3 wk ahead inc flu hosp","2022-07-02","10","quantile",0.99,205
"2022-06-13","4 wk ahead inc flu hosp","2022-07-09","10","quantile",0.01,0
"2022-06-13","4 wk ahead inc flu hosp","2022-07-09","10","quantile",0.025,0
"2022-06-13","4 wk ahead inc flu hosp","2022-07-09","10","quantile",0.05,0
"2022-06-13","4 wk ahead inc flu hosp","2022-07-09","10","quantile",0.1,0
"2022-06-13","4 wk ahead inc flu hosp","2022-07-09","10","quantile",0.15,0
"2022-06-13","4 wk ahead inc flu hosp","2022-07-09","10","quantile",0.2,0
"2022-06-13","4 wk ahead inc flu hosp","2022-07-09","10","quantile",0.25,0
"2022-06-13","4 wk ahead inc flu hosp","2022-07-09","10","quantile",0.3,0
"2022-06-13","4 wk ahead inc flu hosp","2022-07-09","10","quantile",0.35,1
"2022-06-13","4 wk ahead inc flu hosp","2022-07-09","10","quantile",0.4,3
"2022-06-13","4 wk ahead inc flu hosp","2022-07-09","10","quantile",0.45,5
"2022-06-13","4 wk ahead inc flu hosp","2022-07-09","10","quantile",0.5,9
"2022-06-13","4 wk ahead inc flu hosp","2022-07-09","10","quantile",0.55,14
"2022-06-13","4 wk ahead inc flu hosp","2022-07-09","10","quantile",0.6,21
"2022-06-13","4 wk ahead inc flu hosp","2022-07-09","10","quantile",0.65,29
"2022-06-13","4 wk ahead inc flu hosp","2022-07-09","10","quantile",0.7,38
"2022-06-13","4 wk ahead inc flu hosp","2022-07-09","10","quantile",0.75,50
"2022-06-13","4 wk ahead inc flu hosp","2022-07-09","10","quantile",0.8,64
"2022-06-13","4 wk ahead inc flu hosp","2022-07-09","10","quantile",0.85,82
"2022-06-13","4 wk ahead inc flu hosp","2022-07-09","10","quantile",0.9,109
"2022-06-13","4 wk ahead inc flu hosp","2022-07-09","10","quantile",0.95,156
"2022-06-13","4 wk ahead inc flu hosp","2022-07-09","10","quantile",0.975,201
"2022-06-13","4 wk ahead inc flu hosp","2022-07-09","10","quantile",0.99,262
"2022-06-13","1 wk ahead inc flu hosp","2022-06-18","10","point",NA,9
"2022-06-13","2 wk ahead inc flu hosp","2022-06-25","10","point",NA,9
"2022-06-13","3 wk ahead inc flu hosp","2022-07-02","10","point",NA,9
"2022-06-13","4 wk ahead inc flu hosp","2022-07-09","10","point",NA,9
"2022-06-13","1 wk ahead inc flu hosp","2022-06-18","11","quantile",0.01,0
"2022-06-13","1 wk ahead inc flu hosp","2022-06-18","11","quantile",0.025,0
"2022-06-13","1 wk ahead inc flu hosp","2022-06-18","11","quantile",0.05,0
"2022-06-13","1 wk ahead inc flu hosp","2022-06-18","11","quantile",0.1,0
"2022-06-13","1 wk ahead inc flu hosp","2022-06-18","11","quantile",0.15,0
"2022-06-13","1 wk ahead inc flu hosp","2022-06-18","11","quantile",0.2,0
"2022-06-13","1 wk ahead inc flu hosp","2022-06-18","11","quantile",0.25,0
"2022-06-13","1 wk ahead inc flu hosp","2022-06-18","11","quantile",0.3,0
"2022-06-13","1 wk ahead inc flu hosp","2022-06-18","11","quantile",0.35,1
"2022-06-13","1 wk ahead inc flu hosp","2022-06-18","11","quantile",0.4,1
"2022-06-13","1 wk ahead inc flu hosp","2022-06-18","11","quantile",0.45,1
"2022-06-13","1 wk ahead inc flu hosp","2022-06-18","11","quantile",0.5,2
"2022-06-13","1 wk ahead inc flu hosp","2022-06-18","11","quantile",0.55,2
"2022-06-13","1 wk ahead inc flu hosp","2022-06-18","11","quantile",0.6,3
"2022-06-13","1 wk ahead inc flu hosp","2022-06-18","11","quantile",0.65,4
"2022-06-13","1 wk ahead inc flu hosp","2022-06-18","11","quantile",0.7,5
"2022-06-13","1 wk ahead inc flu hosp","2022-06-18","11","quantile",0.75,6
"2022-06-13","1 wk ahead inc flu hosp","2022-06-18","11","quantile",0.8,8
"2022-06-13","1 wk ahead inc flu hosp","2022-06-18","11","quantile",0.85,10
"2022-06-13","1 wk ahead inc flu hosp","2022-06-18","11","quantile",0.9,13
"2022-06-13","1 wk ahead inc flu hosp","2022-06-18","11","quantile",0.95,17
"2022-06-13","1 wk ahead inc flu hosp","2022-06-18","11","quantile",0.975,21
"2022-06-13","1 wk ahead inc flu hosp","2022-06-18","11","quantile",0.99,26
"2022-06-13","2 wk ahead inc flu hosp","2022-06-25","11","quantile",0.01,0
"2022-06-13","2 wk ahead inc flu hosp","2022-06-25","11","quantile",0.025,0
"2022-06-13","2 wk ahead inc flu hosp","2022-06-25","11","quantile",0.05,0
"2022-06-13","2 wk ahead inc flu hosp","2022-06-25","11","quantile",0.1,0
"2022-06-13","2 wk ahead inc flu hosp","2022-06-25","11","quantile",0.15,0
"2022-06-13","2 wk ahead inc flu hosp","2022-06-25","11","quantile",0.2,0
"2022-06-13","2 wk ahead inc flu hosp","2022-06-25","11","quantile",0.25,0
"2022-06-13","2 wk ahead inc flu hosp","2022-06-25","11","quantile",0.3,0
"2022-06-13","2 wk ahead inc flu hosp","2022-06-25","11","quantile",0.35,0
"2022-06-13","2 wk ahead inc flu hosp","2022-06-25","11","quantile",0.4,1
"2022-06-13","2 wk ahead inc flu hosp","2022-06-25","11","quantile",0.45,1
"2022-06-13","2 wk ahead inc flu hosp","2022-06-25","11","quantile",0.5,2
"2022-06-13","2 wk ahead inc flu hosp","2022-06-25","11","quantile",0.55,3
"2022-06-13","2 wk ahead inc flu hosp","2022-06-25","11","quantile",0.6,4
"2022-06-13","2 wk ahead inc flu hosp","2022-06-25","11","quantile",0.65,6
"2022-06-13","2 wk ahead inc flu hosp","2022-06-25","11","quantile",0.7,8
"2022-06-13","2 wk ahead inc flu hosp","2022-06-25","11","quantile",0.75,10
"2022-06-13","2 wk ahead inc flu hosp","2022-06-25","11","quantile",0.8,13
"2022-06-13","2 wk ahead inc flu hosp","2022-06-25","11","quantile",0.85,16
"2022-06-13","2 wk ahead inc flu hosp","2022-06-25","11","quantile",0.9,21
"2022-06-13","2 wk ahead inc flu hosp","2022-06-25","11","quantile",0.95,30
"2022-06-13","2 wk ahead inc flu hosp","2022-06-25","11","quantile",0.975,38
"2022-06-13","2 wk ahead inc flu hosp","2022-06-25","11","quantile",0.99,48
"2022-06-13","3 wk ahead inc flu hosp","2022-07-02","11","quantile",0.01,0
"2022-06-13","3 wk ahead inc flu hosp","2022-07-02","11","quantile",0.025,0
"2022-06-13","3 wk ahead inc flu hosp","2022-07-02","11","quantile",0.05,0
"2022-06-13","3 wk ahead inc flu hosp","2022-07-02","11","quantile",0.1,0
"2022-06-13","3 wk ahead inc flu hosp","2022-07-02","11","quantile",0.15,0
"2022-06-13","3 wk ahead inc flu hosp","2022-07-02","11","quantile",0.2,0
"2022-06-13","3 wk ahead inc flu hosp","2022-07-02","11","quantile",0.25,0
"2022-06-13","3 wk ahead inc flu hosp","2022-07-02","11","quantile",0.3,0
"2022-06-13","3 wk ahead inc flu hosp","2022-07-02","11","quantile",0.35,0
"2022-06-13","3 wk ahead inc flu hosp","2022-07-02","11","quantile",0.4,1
"2022-06-13","3 wk ahead inc flu hosp","2022-07-02","11","quantile",0.45,1
"2022-06-13","3 wk ahead inc flu hosp","2022-07-02","11","quantile",0.5,2
"2022-06-13","3 wk ahead inc flu hosp","2022-07-02","11","quantile",0.55,3
"2022-06-13","3 wk ahead inc flu hosp","2022-07-02","11","quantile",0.6,5
"2022-06-13","3 wk ahead inc flu hosp","2022-07-02","11","quantile",0.65,7
"2022-06-13","3 wk ahead inc flu hosp","2022-07-02","11","quantile",0.7,10
"2022-06-13","3 wk ahead inc flu hosp","2022-07-02","11","quantile",0.75,13
"2022-06-13","3 wk ahead inc flu hosp","2022-07-02","11","quantile",0.8,17
"2022-06-13","3 wk ahead inc flu hosp","2022-07-02","11","quantile",0.85,22
"2022-06-13","3 wk ahead inc flu hosp","2022-07-02","11","quantile",0.9,29
"2022-06-13","3 wk ahead inc flu hosp","2022-07-02","11","quantile",0.95,41
"2022-06-13","3 wk ahead inc flu hosp","2022-07-02","11","quantile",0.975,52
"2022-06-13","3 wk ahead inc flu hosp","2022-07-02","11","quantile",0.99,67
"2022-06-13","4 wk ahead inc flu hosp","2022-07-09","11","quantile",0.01,0
"2022-06-13","4 wk ahead inc flu hosp","2022-07-09","11","quantile",0.025,0
"2022-06-13","4 wk ahead inc flu hosp","2022-07-09","11","quantile",0.05,0
"2022-06-13","4 wk ahead inc flu hosp","2022-07-09","11","quantile",0.1,0
"2022-06-13","4 wk ahead inc flu hosp","2022-07-09","11","quantile",0.15,0
"2022-06-13","4 wk ahead inc flu hosp","2022-07-09","11","quantile",0.2,0
"2022-06-13","4 wk ahead inc flu hosp","2022-07-09","11","quantile",0.25,0
"2022-06-13","4 wk ahead inc flu hosp","2022-07-09","11","quantile",0.3,0
"2022-06-13","4 wk ahead inc flu hosp","2022-07-09","11","quantile",0.35,0
"2022-06-13","4 wk ahead inc flu hosp","2022-07-09","11","quantile",0.4,0
"2022-06-13","4 wk ahead inc flu hosp","2022-07-09","11","quantile",0.45,1
"2022-06-13","4 wk ahead inc flu hosp","2022-07-09","11","quantile",0.5,2
"2022-06-13","4 wk ahead inc flu hosp","2022-07-09","11","quantile",0.55,4
"2022-06-13","4 wk ahead inc flu hosp","2022-07-09","11","quantile",0.6,6
"2022-06-13","4 wk ahead inc flu hosp","2022-07-09","11","quantile",0.65,8
"2022-06-13","4 wk ahead inc flu hosp","2022-07-09","11","quantile",0.7,12
"2022-06-13","4 wk ahead inc flu hosp","2022-07-09","11","quantile",0.75,16
"2022-06-13","4 wk ahead inc flu hosp","2022-07-09","11","quantile",0.8,21
"2022-06-13","4 wk ahead inc flu hosp","2022-07-09","11","quantile",0.85,27
"2022-06-13","4 wk ahead inc flu hosp","2022-07-09","11","quantile",0.9,36
"2022-06-13","4 wk ahead inc flu hosp","2022-07-09","11","quantile",0.95,51
"2022-06-13","4 wk ahead inc flu hosp","2022-07-09","11","quantile",0.975,66
"2022-06-13","4 wk ahead inc flu hosp","2022-07-09","11","quantile",0.99,86
"2022-06-13","1 wk ahead inc flu hosp","2022-06-18","11","point",NA,2
"2022-06-13","2 wk ahead inc flu hosp","2022-06-25","11","point",NA,2
"2022-06-13","3 wk ahead inc flu hosp","2022-07-02","11","point",NA,2
"2022-06-13","4 wk ahead inc flu hosp","2022-07-09","11","point",NA,2
"2022-06-13","1 wk ahead inc flu hosp","2022-06-18","12","quantile",0.01,254
"2022-06-13","1 wk ahead inc flu hosp","2022-06-18","12","quantile",0.025,303
"2022-06-13","1 wk ahead inc flu hosp","2022-06-18","12","quantile",0.05,347
"2022-06-13","1 wk ahead inc flu hosp","2022-06-18","12","quantile",0.1,403
"2022-06-13","1 wk ahead inc flu hosp","2022-06-18","12","quantile",0.15,444
"2022-06-13","1 wk ahead inc flu hosp","2022-06-18","12","quantile",0.2,478
"2022-06-13","1 wk ahead inc flu hosp","2022-06-18","12","quantile",0.25,508
"2022-06-13","1 wk ahead inc flu hosp","2022-06-18","12","quantile",0.3,536
"2022-06-13","1 wk ahead inc flu hosp","2022-06-18","12","quantile",0.35,563
"2022-06-13","1 wk ahead inc flu hosp","2022-06-18","12","quantile",0.4,589
"2022-06-13","1 wk ahead inc flu hosp","2022-06-18","12","quantile",0.45,615
"2022-06-13","1 wk ahead inc flu hosp","2022-06-18","12","quantile",0.5,640
"2022-06-13","1 wk ahead inc flu hosp","2022-06-18","12","quantile",0.55,667
"2022-06-13","1 wk ahead inc flu hosp","2022-06-18","12","quantile",0.6,694
"2022-06-13","1 wk ahead inc flu hosp","2022-06-18","12","quantile",0.65,724
"2022-06-13","1 wk ahead inc flu hosp","2022-06-18","12","quantile",0.7,756
"2022-06-13","1 wk ahead inc flu hosp","2022-06-18","12","quantile",0.75,790
"2022-06-13","1 wk ahead inc flu hosp","2022-06-18","12","quantile",0.8,828
"2022-06-13","1 wk ahead inc flu hosp","2022-06-18","12","quantile",0.85,874
"2022-06-13","1 wk ahead inc flu hosp","2022-06-18","12","quantile",0.9,935
"2022-06-13","1 wk ahead inc flu hosp","2022-06-18","12","quantile",0.95,1027
"2022-06-13","1 wk ahead inc flu hosp","2022-06-18","12","quantile",0.975,1111
"2022-06-13","1 wk ahead inc flu hosp","2022-06-18","12","quantile",0.99,1211
"2022-06-13","2 wk ahead inc flu hosp","2022-06-25","12","quantile",0.01,112
"2022-06-13","2 wk ahead inc flu hosp","2022-06-25","12","quantile",0.025,165
"2022-06-13","2 wk ahead inc flu hosp","2022-06-25","12","quantile",0.05,222
"2022-06-13","2 wk ahead inc flu hosp","2022-06-25","12","quantile",0.1,295
"2022-06-13","2 wk ahead inc flu hosp","2022-06-25","12","quantile",0.15,352
"2022-06-13","2 wk ahead inc flu hosp","2022-06-25","12","quantile",0.2,398
"2022-06-13","2 wk ahead inc flu hosp","2022-06-25","12","quantile",0.25,442
"2022-06-13","2 wk ahead inc flu hosp","2022-06-25","12","quantile",0.3,483
"2022-06-13","2 wk ahead inc flu hosp","2022-06-25","12","quantile",0.35,522
"2022-06-13","2 wk ahead inc flu hosp","2022-06-25","12","quantile",0.4,562
"2022-06-13","2 wk ahead inc flu hosp","2022-06-25","12","quantile",0.45,601
"2022-06-13","2 wk ahead inc flu hosp","2022-06-25","12","quantile",0.5,641
"2022-06-13","2 wk ahead inc flu hosp","2022-06-25","12","quantile",0.55,682
"2022-06-13","2 wk ahead inc flu hosp","2022-06-25","12","quantile",0.6,726
"2022-06-13","2 wk ahead inc flu hosp","2022-06-25","12","quantile",0.65,772
"2022-06-13","2 wk ahead inc flu hosp","2022-06-25","12","quantile",0.7,823
"2022-06-13","2 wk ahead inc flu hosp","2022-06-25","12","quantile",0.75,878
"2022-06-13","2 wk ahead inc flu hosp","2022-06-25","12","quantile",0.8,944
"2022-06-13","2 wk ahead inc flu hosp","2022-06-25","12","quantile",0.85,1022
"2022-06-13","2 wk ahead inc flu hosp","2022-06-25","12","quantile",0.9,1126
"2022-06-13","2 wk ahead inc flu hosp","2022-06-25","12","quantile",0.95,1286
"2022-06-13","2 wk ahead inc flu hosp","2022-06-25","12","quantile",0.975,1437
"2022-06-13","2 wk ahead inc flu hosp","2022-06-25","12","quantile",0.99,1610
"2022-06-13","3 wk ahead inc flu hosp","2022-07-02","12","quantile",0.01,43
"2022-06-13","3 wk ahead inc flu hosp","2022-07-02","12","quantile",0.025,91
"2022-06-13","3 wk ahead inc flu hosp","2022-07-02","12","quantile",0.05,148
"2022-06-13","3 wk ahead inc flu hosp","2022-07-02","12","quantile",0.1,228
"2022-06-13","3 wk ahead inc flu hosp","2022-07-02","12","quantile",0.15,290
"2022-06-13","3 wk ahead inc flu hosp","2022-07-02","12","quantile",0.2,345
"2022-06-13","3 wk ahead inc flu hosp","2022-07-02","12","quantile",0.25,397
"2022-06-13","3 wk ahead inc flu hosp","2022-07-02","12","quantile",0.3,445
"2022-06-13","3 wk ahead inc flu hosp","2022-07-02","12","quantile",0.35,493
"2022-06-13","3 wk ahead inc flu hosp","2022-07-02","12","quantile",0.4,542
"2022-06-13","3 wk ahead inc flu hosp","2022-07-02","12","quantile",0.45,591
"2022-06-13","3 wk ahead inc flu hosp","2022-07-02","12","quantile",0.5,642
"2022-06-13","3 wk ahead inc flu hosp","2022-07-02","12","quantile",0.55,694
"2022-06-13","3 wk ahead inc flu hosp","2022-07-02","12","quantile",0.6,749
"2022-06-13","3 wk ahead inc flu hosp","2022-07-02","12","quantile",0.65,808
"2022-06-13","3 wk ahead inc flu hosp","2022-07-02","12","quantile",0.7,873
"2022-06-13","3 wk ahead inc flu hosp","2022-07-02","12","quantile",0.75,948
"2022-06-13","3 wk ahead inc flu hosp","2022-07-02","12","quantile",0.8,1031
"2022-06-13","3 wk ahead inc flu hosp","2022-07-02","12","quantile",0.85,1136
"2022-06-13","3 wk ahead inc flu hosp","2022-07-02","12","quantile",0.9,1275
"2022-06-13","3 wk ahead inc flu hosp","2022-07-02","12","quantile",0.95,1486
"2022-06-13","3 wk ahead inc flu hosp","2022-07-02","12","quantile",0.975,1688
"2022-06-13","3 wk ahead inc flu hosp","2022-07-02","12","quantile",0.99,1929
"2022-06-13","4 wk ahead inc flu hosp","2022-07-09","12","quantile",0.01,12
"2022-06-13","4 wk ahead inc flu hosp","2022-07-09","12","quantile",0.025,47
"2022-06-13","4 wk ahead inc flu hosp","2022-07-09","12","quantile",0.05,98
"2022-06-13","4 wk ahead inc flu hosp","2022-07-09","12","quantile",0.1,175
"2022-06-13","4 wk ahead inc flu hosp","2022-07-09","12","quantile",0.15,241
"2022-06-13","4 wk ahead inc flu hosp","2022-07-09","12","quantile",0.2,301
"2022-06-13","4 wk ahead inc flu hosp","2022-07-09","12","quantile",0.25,358
"2022-06-13","4 wk ahead inc flu hosp","2022-07-09","12","quantile",0.3,415
"2022-06-13","4 wk ahead inc flu hosp","2022-07-09","12","quantile",0.35,471
"2022-06-13","4 wk ahead inc flu hosp","2022-07-09","12","quantile",0.4,526
"2022-06-13","4 wk ahead inc flu hosp","2022-07-09","12","quantile",0.45,582
"2022-06-13","4 wk ahead inc flu hosp","2022-07-09","12","quantile",0.5,641
"2022-06-13","4 wk ahead inc flu hosp","2022-07-09","12","quantile",0.55,703
"2022-06-13","4 wk ahead inc flu hosp","2022-07-09","12","quantile",0.6,766
"2022-06-13","4 wk ahead inc flu hosp","2022-07-09","12","quantile",0.65,837
"2022-06-13","4 wk ahead inc flu hosp","2022-07-09","12","quantile",0.7,916
"2022-06-13","4 wk ahead inc flu hosp","2022-07-09","12","quantile",0.75,1003
"2022-06-13","4 wk ahead inc flu hosp","2022-07-09","12","quantile",0.8,1104
"2022-06-13","4 wk ahead inc flu hosp","2022-07-09","12","quantile",0.85,1230
"2022-06-13","4 wk ahead inc flu hosp","2022-07-09","12","quantile",0.9,1397
"2022-06-13","4 wk ahead inc flu hosp","2022-07-09","12","quantile",0.95,1665
"2022-06-13","4 wk ahead inc flu hosp","2022-07-09","12","quantile",0.975,1914
"2022-06-13","4 wk ahead inc flu hosp","2022-07-09","12","quantile",0.99,2234
"2022-06-13","1 wk ahead inc flu hosp","2022-06-18","12","point",NA,640
"2022-06-13","2 wk ahead inc flu hosp","2022-06-25","12","point",NA,641
"2022-06-13","3 wk ahead inc flu hosp","2022-07-02","12","point",NA,642
"2022-06-13","4 wk ahead inc flu hosp","2022-07-09","12","point",NA,641
"2022-06-13","1 wk ahead inc flu hosp","2022-06-18","13","quantile",0.01,0
"2022-06-13","1 wk ahead inc flu hosp","2022-06-18","13","quantile",0.025,0
"2022-06-13","1 wk ahead inc flu hosp","2022-06-18","13","quantile",0.05,2
"2022-06-13","1 wk ahead inc flu hosp","2022-06-18","13","quantile",0.1,5
"2022-06-13","1 wk ahead inc flu hosp","2022-06-18","13","quantile",0.15,8
"2022-06-13","1 wk ahead inc flu hosp","2022-06-18","13","quantile",0.2,12
"2022-06-13","1 wk ahead inc flu hosp","2022-06-18","13","quantile",0.25,16
"2022-06-13","1 wk ahead inc flu hosp","2022-06-18","13","quantile",0.3,20
"2022-06-13","1 wk ahead inc flu hosp","2022-06-18","13","quantile",0.35,24
"2022-06-13","1 wk ahead inc flu hosp","2022-06-18","13","quantile",0.4,28
"2022-06-13","1 wk ahead inc flu hosp","2022-06-18","13","quantile",0.45,33
"2022-06-13","1 wk ahead inc flu hosp","2022-06-18","13","quantile",0.5,37
"2022-06-13","1 wk ahead inc flu hosp","2022-06-18","13","quantile",0.55,42
"2022-06-13","1 wk ahead inc flu hosp","2022-06-18","13","quantile",0.6,48
"2022-06-13","1 wk ahead inc flu hosp","2022-06-18","13","quantile",0.65,54
"2022-06-13","1 wk ahead inc flu hosp","2022-06-18","13","quantile",0.7,60
"2022-06-13","1 wk ahead inc flu hosp","2022-06-18","13","quantile",0.75,68
"2022-06-13","1 wk ahead inc flu hosp","2022-06-18","13","quantile",0.8,77
"2022-06-13","1 wk ahead inc flu hosp","2022-06-18","13","quantile",0.85,88
"2022-06-13","1 wk ahead inc flu hosp","2022-06-18","13","quantile",0.9,104
"2022-06-13","1 wk ahead inc flu hosp","2022-06-18","13","quantile",0.95,130
"2022-06-13","1 wk ahead inc flu hosp","2022-06-18","13","quantile",0.975,155
"2022-06-13","1 wk ahead inc flu hosp","2022-06-18","13","quantile",0.99,187
"2022-06-13","2 wk ahead inc flu hosp","2022-06-25","13","quantile",0.01,0
"2022-06-13","2 wk ahead inc flu hosp","2022-06-25","13","quantile",0.025,0
"2022-06-13","2 wk ahead inc flu hosp","2022-06-25","13","quantile",0.05,0
"2022-06-13","2 wk ahead inc flu hosp","2022-06-25","13","quantile",0.1,0
"2022-06-13","2 wk ahead inc flu hosp","2022-06-25","13","quantile",0.15,1
"2022-06-13","2 wk ahead inc flu hosp","2022-06-25","13","quantile",0.2,4
"2022-06-13","2 wk ahead inc flu hosp","2022-06-25","13","quantile",0.25,8
"2022-06-13","2 wk ahead inc flu hosp","2022-06-25","13","quantile",0.3,12
"2022-06-13","2 wk ahead inc flu hosp","2022-06-25","13","quantile",0.35,18
"2022-06-13","2 wk ahead inc flu hosp","2022-06-25","13","quantile",0.4,24
"2022-06-13","2 wk ahead inc flu hosp","2022-06-25","13","quantile",0.45,30
"2022-06-13","2 wk ahead inc flu hosp","2022-06-25","13","quantile",0.5,38
"2022-06-13","2 wk ahead inc flu hosp","2022-06-25","13","quantile",0.55,46
"2022-06-13","2 wk ahead inc flu hosp","2022-06-25","13","quantile",0.6,55
"2022-06-13","2 wk ahead inc flu hosp","2022-06-25","13","quantile",0.65,65
"2022-06-13","2 wk ahead inc flu hosp","2022-06-25","13","quantile",0.7,76
"2022-06-13","2 wk ahead inc flu hosp","2022-06-25","13","quantile",0.75,89
"2022-06-13","2 wk ahead inc flu hosp","2022-06-25","13","quantile",0.8,106
"2022-06-13","2 wk ahead inc flu hosp","2022-06-25","13","quantile",0.85,126
"2022-06-13","2 wk ahead inc flu hosp","2022-06-25","13","quantile",0.9,154
"2022-06-13","2 wk ahead inc flu hosp","2022-06-25","13","quantile",0.95,202
"2022-06-13","2 wk ahead inc flu hosp","2022-06-25","13","quantile",0.975,250
"2022-06-13","2 wk ahead inc flu hosp","2022-06-25","13","quantile",0.99,314
"2022-06-13","3 wk ahead inc flu hosp","2022-07-02","13","quantile",0.01,0
"2022-06-13","3 wk ahead inc flu hosp","2022-07-02","13","quantile",0.025,0
"2022-06-13","3 wk ahead inc flu hosp","2022-07-02","13","quantile",0.05,0
"2022-06-13","3 wk ahead inc flu hosp","2022-07-02","13","quantile",0.1,0
"2022-06-13","3 wk ahead inc flu hosp","2022-07-02","13","quantile",0.15,0
"2022-06-13","3 wk ahead inc flu hosp","2022-07-02","13","quantile",0.2,1
"2022-06-13","3 wk ahead inc flu hosp","2022-07-02","13","quantile",0.25,4
"2022-06-13","3 wk ahead inc flu hosp","2022-07-02","13","quantile",0.3,8
"2022-06-13","3 wk ahead inc flu hosp","2022-07-02","13","quantile",0.35,14
"2022-06-13","3 wk ahead inc flu hosp","2022-07-02","13","quantile",0.4,20
"2022-06-13","3 wk ahead inc flu hosp","2022-07-02","13","quantile",0.45,29
"2022-06-13","3 wk ahead inc flu hosp","2022-07-02","13","quantile",0.5,38
"2022-06-13","3 wk ahead inc flu hosp","2022-07-02","13","quantile",0.55,48
"2022-06-13","3 wk ahead inc flu hosp","2022-07-02","13","quantile",0.6,60
"2022-06-13","3 wk ahead inc flu hosp","2022-07-02","13","quantile",0.65,73
"2022-06-13","3 wk ahead inc flu hosp","2022-07-02","13","quantile",0.7,89
"2022-06-13","3 wk ahead inc flu hosp","2022-07-02","13","quantile",0.75,107
"2022-06-13","3 wk ahead inc flu hosp","2022-07-02","13","quantile",0.8,129
"2022-06-13","3 wk ahead inc flu hosp","2022-07-02","13","quantile",0.85,158
"2022-06-13","3 wk ahead inc flu hosp","2022-07-02","13","quantile",0.9,198
"2022-06-13","3 wk ahead inc flu hosp","2022-07-02","13","quantile",0.95,265
"2022-06-13","3 wk ahead inc flu hosp","2022-07-02","13","quantile",0.975,332
"2022-06-13","3 wk ahead inc flu hosp","2022-07-02","13","quantile",0.99,420
"2022-06-13","4 wk ahead inc flu hosp","2022-07-09","13","quantile",0.01,0
"2022-06-13","4 wk ahead inc flu hosp","2022-07-09","13","quantile",0.025,0
"2022-06-13","4 wk ahead inc flu hosp","2022-07-09","13","quantile",0.05,0
"2022-06-13","4 wk ahead inc flu hosp","2022-07-09","13","quantile",0.1,0
"2022-06-13","4 wk ahead inc flu hosp","2022-07-09","13","quantile",0.15,0
"2022-06-13","4 wk ahead inc flu hosp","2022-07-09","13","quantile",0.2,0
"2022-06-13","4 wk ahead inc flu hosp","2022-07-09","13","quantile",0.25,2
"2022-06-13","4 wk ahead inc flu hosp","2022-07-09","13","quantile",0.3,5
"2022-06-13","4 wk ahead inc flu hosp","2022-07-09","13","quantile",0.35,11
"2022-06-13","4 wk ahead inc flu hosp","2022-07-09","13","quantile",0.4,18
"2022-06-13","4 wk ahead inc flu hosp","2022-07-09","13","quantile",0.45,27
"2022-06-13","4 wk ahead inc flu hosp","2022-07-09","13","quantile",0.5,38
"2022-06-13","4 wk ahead inc flu hosp","2022-07-09","13","quantile",0.55,50
"2022-06-13","4 wk ahead inc flu hosp","2022-07-09","13","quantile",0.6,64
"2022-06-13","4 wk ahead inc flu hosp","2022-07-09","13","quantile",0.65,81
"2022-06-13","4 wk ahead inc flu hosp","2022-07-09","13","quantile",0.7,100
"2022-06-13","4 wk ahead inc flu hosp","2022-07-09","13","quantile",0.75,123
"2022-06-13","4 wk ahead inc flu hosp","2022-07-09","13","quantile",0.8,151
"2022-06-13","4 wk ahead inc flu hosp","2022-07-09","13","quantile",0.85,187
"2022-06-13","4 wk ahead inc flu hosp","2022-07-09","13","quantile",0.9,239
"2022-06-13","4 wk ahead inc flu hosp","2022-07-09","13","quantile",0.95,325
"2022-06-13","4 wk ahead inc flu hosp","2022-07-09","13","quantile",0.975,413
"2022-06-13","4 wk ahead inc flu hosp","2022-07-09","13","quantile",0.99,522
"2022-06-13","1 wk ahead inc flu hosp","2022-06-18","13","point",NA,37
"2022-06-13","2 wk ahead inc flu hosp","2022-06-25","13","point",NA,38
"2022-06-13","3 wk ahead inc flu hosp","2022-07-02","13","point",NA,38
"2022-06-13","4 wk ahead inc flu hosp","2022-07-09","13","point",NA,38
"2022-06-13","1 wk ahead inc flu hosp","2022-06-18","15","quantile",0.01,0
"2022-06-13","1 wk ahead inc flu hosp","2022-06-18","15","quantile",0.025,0
"2022-06-13","1 wk ahead inc flu hosp","2022-06-18","15","quantile",0.05,0
"2022-06-13","1 wk ahead inc flu hosp","2022-06-18","15","quantile",0.1,1
"2022-06-13","1 wk ahead inc flu hosp","2022-06-18","15","quantile",0.15,2
"2022-06-13","1 wk ahead inc flu hosp","2022-06-18","15","quantile",0.2,2
"2022-06-13","1 wk ahead inc flu hosp","2022-06-18","15","quantile",0.25,3
"2022-06-13","1 wk ahead inc flu hosp","2022-06-18","15","quantile",0.3,4
"2022-06-13","1 wk ahead inc flu hosp","2022-06-18","15","quantile",0.35,5
"2022-06-13","1 wk ahead inc flu hosp","2022-06-18","15","quantile",0.4,6
"2022-06-13","1 wk ahead inc flu hosp","2022-06-18","15","quantile",0.45,7
"2022-06-13","1 wk ahead inc flu hosp","2022-06-18","15","quantile",0.5,8
"2022-06-13","1 wk ahead inc flu hosp","2022-06-18","15","quantile",0.55,9
"2022-06-13","1 wk ahead inc flu hosp","2022-06-18","15","quantile",0.6,10
"2022-06-13","1 wk ahead inc flu hosp","2022-06-18","15","quantile",0.65,11
"2022-06-13","1 wk ahead inc flu hosp","2022-06-18","15","quantile",0.7,12
"2022-06-13","1 wk ahead inc flu hosp","2022-06-18","15","quantile",0.75,14
"2022-06-13","1 wk ahead inc flu hosp","2022-06-18","15","quantile",0.8,15
"2022-06-13","1 wk ahead inc flu hosp","2022-06-18","15","quantile",0.85,17
"2022-06-13","1 wk ahead inc flu hosp","2022-06-18","15","quantile",0.9,20
"2022-06-13","1 wk ahead inc flu hosp","2022-06-18","15","quantile",0.95,25
"2022-06-13","1 wk ahead inc flu hosp","2022-06-18","15","quantile",0.975,29
"2022-06-13","1 wk ahead inc flu hosp","2022-06-18","15","quantile",0.99,34
"2022-06-13","2 wk ahead inc flu hosp","2022-06-25","15","quantile",0.01,0
"2022-06-13","2 wk ahead inc flu hosp","2022-06-25","15","quantile",0.025,0
"2022-06-13","2 wk ahead inc flu hosp","2022-06-25","15","quantile",0.05,0
"2022-06-13","2 wk ahead inc flu hosp","2022-06-25","15","quantile",0.1,0
"2022-06-13","2 wk ahead inc flu hosp","2022-06-25","15","quantile",0.15,0
"2022-06-13","2 wk ahead inc flu hosp","2022-06-25","15","quantile",0.2,1
"2022-06-13","2 wk ahead inc flu hosp","2022-06-25","15","quantile",0.25,2
"2022-06-13","2 wk ahead inc flu hosp","2022-06-25","15","quantile",0.3,2
"2022-06-13","2 wk ahead inc flu hosp","2022-06-25","15","quantile",0.35,4
"2022-06-13","2 wk ahead inc flu hosp","2022-06-25","15","quantile",0.4,5
"2022-06-13","2 wk ahead inc flu hosp","2022-06-25","15","quantile",0.45,6
"2022-06-13","2 wk ahead inc flu hosp","2022-06-25","15","quantile",0.5,8
"2022-06-13","2 wk ahead inc flu hosp","2022-06-25","15","quantile",0.55,9
"2022-06-13","2 wk ahead inc flu hosp","2022-06-25","15","quantile",0.6,11
"2022-06-13","2 wk ahead inc flu hosp","2022-06-25","15","quantile",0.65,13
"2022-06-13","2 wk ahead inc flu hosp","2022-06-25","15","quantile",0.7,15
"2022-06-13","2 wk ahead inc flu hosp","2022-06-25","15","quantile",0.75,18
"2022-06-13","2 wk ahead inc flu hosp","2022-06-25","15","quantile",0.8,21
"2022-06-13","2 wk ahead inc flu hosp","2022-06-25","15","quantile",0.85,24
"2022-06-13","2 wk ahead inc flu hosp","2022-06-25","15","quantile",0.9,29
"2022-06-13","2 wk ahead inc flu hosp","2022-06-25","15","quantile",0.95,37
"2022-06-13","2 wk ahead inc flu hosp","2022-06-25","15","quantile",0.975,44
"2022-06-13","2 wk ahead inc flu hosp","2022-06-25","15","quantile",0.99,54
"2022-06-13","3 wk ahead inc flu hosp","2022-07-02","15","quantile",0.01,0
"2022-06-13","3 wk ahead inc flu hosp","2022-07-02","15","quantile",0.025,0
"2022-06-13","3 wk ahead inc flu hosp","2022-07-02","15","quantile",0.05,0
"2022-06-13","3 wk ahead inc flu hosp","2022-07-02","15","quantile",0.1,0
"2022-06-13","3 wk ahead inc flu hosp","2022-07-02","15","quantile",0.15,0
"2022-06-13","3 wk ahead inc flu hosp","2022-07-02","15","quantile",0.2,0
"2022-06-13","3 wk ahead inc flu hosp","2022-07-02","15","quantile",0.25,1
"2022-06-13","3 wk ahead inc flu hosp","2022-07-02","15","quantile",0.3,2
"2022-06-13","3 wk ahead inc flu hosp","2022-07-02","15","quantile",0.35,3
"2022-06-13","3 wk ahead inc flu hosp","2022-07-02","15","quantile",0.4,4
"2022-06-13","3 wk ahead inc flu hosp","2022-07-02","15","quantile",0.45,6
"2022-06-13","3 wk ahead inc flu hosp","2022-07-02","15","quantile",0.5,8
"2022-06-13","3 wk ahead inc flu hosp","2022-07-02","15","quantile",0.55,10
"2022-06-13","3 wk ahead inc flu hosp","2022-07-02","15","quantile",0.6,12
"2022-06-13","3 wk ahead inc flu hosp","2022-07-02","15","quantile",0.65,15
"2022-06-13","3 wk ahead inc flu hosp","2022-07-02","15","quantile",0.7,18
"2022-06-13","3 wk ahead inc flu hosp","2022-07-02","15","quantile",0.75,21
"2022-06-13","3 wk ahead inc flu hosp","2022-07-02","15","quantile",0.8,25
"2022-06-13","3 wk ahead inc flu hosp","2022-07-02","15","quantile",0.85,29
"2022-06-13","3 wk ahead inc flu hosp","2022-07-02","15","quantile",0.9,36
"2022-06-13","3 wk ahead inc flu hosp","2022-07-02","15","quantile",0.95,47
"2022-06-13","3 wk ahead inc flu hosp","2022-07-02","15","quantile",0.975,58
"2022-06-13","3 wk ahead inc flu hosp","2022-07-02","15","quantile",0.99,71
"2022-06-13","4 wk ahead inc flu hosp","2022-07-09","15","quantile",0.01,0
"2022-06-13","4 wk ahead inc flu hosp","2022-07-09","15","quantile",0.025,0
"2022-06-13","4 wk ahead inc flu hosp","2022-07-09","15","quantile",0.05,0
"2022-06-13","4 wk ahead inc flu hosp","2022-07-09","15","quantile",0.1,0
"2022-06-13","4 wk ahead inc flu hosp","2022-07-09","15","quantile",0.15,0
"2022-06-13","4 wk ahead inc flu hosp","2022-07-09","15","quantile",0.2,0
"2022-06-13","4 wk ahead inc flu hosp","2022-07-09","15","quantile",0.25,0
"2022-06-13","4 wk ahead inc flu hosp","2022-07-09","15","quantile",0.3,1
"2022-06-13","4 wk ahead inc flu hosp","2022-07-09","15","quantile",0.35,2
"2022-06-13","4 wk ahead inc flu hosp","2022-07-09","15","quantile",0.4,4
"2022-06-13","4 wk ahead inc flu hosp","2022-07-09","15","quantile",0.45,6
"2022-06-13","4 wk ahead inc flu hosp","2022-07-09","15","quantile",0.5,8
"2022-06-13","4 wk ahead inc flu hosp","2022-07-09","15","quantile",0.55,10
"2022-06-13","4 wk ahead inc flu hosp","2022-07-09","15","quantile",0.6,13
"2022-06-13","4 wk ahead inc flu hosp","2022-07-09","15","quantile",0.65,16
"2022-06-13","4 wk ahead inc flu hosp","2022-07-09","15","quantile",0.7,19
"2022-06-13","4 wk ahead inc flu hosp","2022-07-09","15","quantile",0.75,23
"2022-06-13","4 wk ahead inc flu hosp","2022-07-09","15","quantile",0.8,28
"2022-06-13","4 wk ahead inc flu hosp","2022-07-09","15","quantile",0.85,34
"2022-06-13","4 wk ahead inc flu hosp","2022-07-09","15","quantile",0.9,43
"2022-06-13","4 wk ahead inc flu hosp","2022-07-09","15","quantile",0.95,56
"2022-06-13","4 wk ahead inc flu hosp","2022-07-09","15","quantile",0.975,70
"2022-06-13","4 wk ahead inc flu hosp","2022-07-09","15","quantile",0.99,87
"2022-06-13","1 wk ahead inc flu hosp","2022-06-18","15","point",NA,8
"2022-06-13","2 wk ahead inc flu hosp","2022-06-25","15","point",NA,8
"2022-06-13","3 wk ahead inc flu hosp","2022-07-02","15","point",NA,8
"2022-06-13","4 wk ahead inc flu hosp","2022-07-09","15","point",NA,8
"2022-06-13","1 wk ahead inc flu hosp","2022-06-18","16","quantile",0.01,0
"2022-06-13","1 wk ahead inc flu hosp","2022-06-18","16","quantile",0.025,0
"2022-06-13","1 wk ahead inc flu hosp","2022-06-18","16","quantile",0.05,0
"2022-06-13","1 wk ahead inc flu hosp","2022-06-18","16","quantile",0.1,0
"2022-06-13","1 wk ahead inc flu hosp","2022-06-18","16","quantile",0.15,0
"2022-06-13","1 wk ahead inc flu hosp","2022-06-18","16","quantile",0.2,0
"2022-06-13","1 wk ahead inc flu hosp","2022-06-18","16","quantile",0.25,0
"2022-06-13","1 wk ahead inc flu hosp","2022-06-18","16","quantile",0.3,1
"2022-06-13","1 wk ahead inc flu hosp","2022-06-18","16","quantile",0.35,1
"2022-06-13","1 wk ahead inc flu hosp","2022-06-18","16","quantile",0.4,2
"2022-06-13","1 wk ahead inc flu hosp","2022-06-18","16","quantile",0.45,2
"2022-06-13","1 wk ahead inc flu hosp","2022-06-18","16","quantile",0.5,3
"2022-06-13","1 wk ahead inc flu hosp","2022-06-18","16","quantile",0.55,5
"2022-06-13","1 wk ahead inc flu hosp","2022-06-18","16","quantile",0.6,6
"2022-06-13","1 wk ahead inc flu hosp","2022-06-18","16","quantile",0.65,8
"2022-06-13","1 wk ahead inc flu hosp","2022-06-18","16","quantile",0.7,11
"2022-06-13","1 wk ahead inc flu hosp","2022-06-18","16","quantile",0.75,14
"2022-06-13","1 wk ahead inc flu hosp","2022-06-18","16","quantile",0.8,17
"2022-06-13","1 wk ahead inc flu hosp","2022-06-18","16","quantile",0.85,22
"2022-06-13","1 wk ahead inc flu hosp","2022-06-18","16","quantile",0.9,29
"2022-06-13","1 wk ahead inc flu hosp","2022-06-18","16","quantile",0.95,40
"2022-06-13","1 wk ahead inc flu hosp","2022-06-18","16","quantile",0.975,51
"2022-06-13","1 wk ahead inc flu hosp","2022-06-18","16","quantile",0.99,65
"2022-06-13","2 wk ahead inc flu hosp","2022-06-25","16","quantile",0.01,0
"2022-06-13","2 wk ahead inc flu hosp","2022-06-25","16","quantile",0.025,0
"2022-06-13","2 wk ahead inc flu hosp","2022-06-25","16","quantile",0.05,0
"2022-06-13","2 wk ahead inc flu hosp","2022-06-25","16","quantile",0.1,0
"2022-06-13","2 wk ahead inc flu hosp","2022-06-25","16","quantile",0.15,0
"2022-06-13","2 wk ahead inc flu hosp","2022-06-25","16","quantile",0.2,0
"2022-06-13","2 wk ahead inc flu hosp","2022-06-25","16","quantile",0.25,0
"2022-06-13","2 wk ahead inc flu hosp","2022-06-25","16","quantile",0.3,0
"2022-06-13","2 wk ahead inc flu hosp","2022-06-25","16","quantile",0.35,1
"2022-06-13","2 wk ahead inc flu hosp","2022-06-25","16","quantile",0.4,1
"2022-06-13","2 wk ahead inc flu hosp","2022-06-25","16","quantile",0.45,2
"2022-06-13","2 wk ahead inc flu hosp","2022-06-25","16","quantile",0.5,4
"2022-06-13","2 wk ahead inc flu hosp","2022-06-25","16","quantile",0.55,6
"2022-06-13","2 wk ahead inc flu hosp","2022-06-25","16","quantile",0.6,8
"2022-06-13","2 wk ahead inc flu hosp","2022-06-25","16","quantile",0.65,12
"2022-06-13","2 wk ahead inc flu hosp","2022-06-25","16","quantile",0.7,17
"2022-06-13","2 wk ahead inc flu hosp","2022-06-25","16","quantile",0.75,22
"2022-06-13","2 wk ahead inc flu hosp","2022-06-25","16","quantile",0.8,29
"2022-06-13","2 wk ahead inc flu hosp","2022-06-25","16","quantile",0.85,38
"2022-06-13","2 wk ahead inc flu hosp","2022-06-25","16","quantile",0.9,52
"2022-06-13","2 wk ahead inc flu hosp","2022-06-25","16","quantile",0.95,75
"2022-06-13","2 wk ahead inc flu hosp","2022-06-25","16","quantile",0.975,97
"2022-06-13","2 wk ahead inc flu hosp","2022-06-25","16","quantile",0.99,127
"2022-06-13","3 wk ahead inc flu hosp","2022-07-02","16","quantile",0.01,0
"2022-06-13","3 wk ahead inc flu hosp","2022-07-02","16","quantile",0.025,0
"2022-06-13","3 wk ahead inc flu hosp","2022-07-02","16","quantile",0.05,0
"2022-06-13","3 wk ahead inc flu hosp","2022-07-02","16","quantile",0.1,0
"2022-06-13","3 wk ahead inc flu hosp","2022-07-02","16","quantile",0.15,0
"2022-06-13","3 wk ahead inc flu hosp","2022-07-02","16","quantile",0.2,0
"2022-06-13","3 wk ahead inc flu hosp","2022-07-02","16","quantile",0.25,0
"2022-06-13","3 wk ahead inc flu hosp","2022-07-02","16","quantile",0.3,0
"2022-06-13","3 wk ahead inc flu hosp","2022-07-02","16","quantile",0.35,0
"2022-06-13","3 wk ahead inc flu hosp","2022-07-02","16","quantile",0.4,1
"2022-06-13","3 wk ahead inc flu hosp","2022-07-02","16","quantile",0.45,2
"2022-06-13","3 wk ahead inc flu hosp","2022-07-02","16","quantile",0.5,4
"2022-06-13","3 wk ahead inc flu hosp","2022-07-02","16","quantile",0.55,6
"2022-06-13","3 wk ahead inc flu hosp","2022-07-02","16","quantile",0.6,10
"2022-06-13","3 wk ahead inc flu hosp","2022-07-02","16","quantile",0.65,15
"2022-06-13","3 wk ahead inc flu hosp","2022-07-02","16","quantile",0.7,22
"2022-06-13","3 wk ahead inc flu hosp","2022-07-02","16","quantile",0.75,30
"2022-06-13","3 wk ahead inc flu hosp","2022-07-02","16","quantile",0.8,40
"2022-06-13","3 wk ahead inc flu hosp","2022-07-02","16","quantile",0.85,53
"2022-06-13","3 wk ahead inc flu hosp","2022-07-02","16","quantile",0.9,73
"2022-06-13","3 wk ahead inc flu hosp","2022-07-02","16","quantile",0.95,106
"2022-06-13","3 wk ahead inc flu hosp","2022-07-02","16","quantile",0.975,140
"2022-06-13","3 wk ahead inc flu hosp","2022-07-02","16","quantile",0.99,185
"2022-06-13","4 wk ahead inc flu hosp","2022-07-09","16","quantile",0.01,0
"2022-06-13","4 wk ahead inc flu hosp","2022-07-09","16","quantile",0.025,0
"2022-06-13","4 wk ahead inc flu hosp","2022-07-09","16","quantile",0.05,0
"2022-06-13","4 wk ahead inc flu hosp","2022-07-09","16","quantile",0.1,0
"2022-06-13","4 wk ahead inc flu hosp","2022-07-09","16","quantile",0.15,0
"2022-06-13","4 wk ahead inc flu hosp","2022-07-09","16","quantile",0.2,0
"2022-06-13","4 wk ahead inc flu hosp","2022-07-09","16","quantile",0.25,0
"2022-06-13","4 wk ahead inc flu hosp","2022-07-09","16","quantile",0.3,0
"2022-06-13","4 wk ahead inc flu hosp","2022-07-09","16","quantile",0.35,0
"2022-06-13","4 wk ahead inc flu hosp","2022-07-09","16","quantile",0.4,1
"2022-06-13","4 wk ahead inc flu hosp","2022-07-09","16","quantile",0.45,2
"2022-06-13","4 wk ahead inc flu hosp","2022-07-09","16","quantile",0.5,4
"2022-06-13","4 wk ahead inc flu hosp","2022-07-09","16","quantile",0.55,7
"2022-06-13","4 wk ahead inc flu hosp","2022-07-09","16","quantile",0.6,12
"2022-06-13","4 wk ahead inc flu hosp","2022-07-09","16","quantile",0.65,18
"2022-06-13","4 wk ahead inc flu hosp","2022-07-09","16","quantile",0.7,26
"2022-06-13","4 wk ahead inc flu hosp","2022-07-09","16","quantile",0.75,36
"2022-06-13","4 wk ahead inc flu hosp","2022-07-09","16","quantile",0.8,49
"2022-06-13","4 wk ahead inc flu hosp","2022-07-09","16","quantile",0.85,67
"2022-06-13","4 wk ahead inc flu hosp","2022-07-09","16","quantile",0.9,92
"2022-06-13","4 wk ahead inc flu hosp","2022-07-09","16","quantile",0.95,135
"2022-06-13","4 wk ahead inc flu hosp","2022-07-09","16","quantile",0.975,179
"2022-06-13","4 wk ahead inc flu hosp","2022-07-09","16","quantile",0.99,241
"2022-06-13","1 wk ahead inc flu hosp","2022-06-18","16","point",NA,3
"2022-06-13","2 wk ahead inc flu hosp","2022-06-25","16","point",NA,4
"2022-06-13","3 wk ahead inc flu hosp","2022-07-02","16","point",NA,4
"2022-06-13","4 wk ahead inc flu hosp","2022-07-09","16","point",NA,4
"2022-06-13","1 wk ahead inc flu hosp","2022-06-18","17","quantile",0.01,0
"2022-06-13","1 wk ahead inc flu hosp","2022-06-18","17","quantile",0.025,0
"2022-06-13","1 wk ahead inc flu hosp","2022-06-18","17","quantile",0.05,0
"2022-06-13","1 wk ahead inc flu hosp","2022-06-18","17","quantile",0.1,1
"2022-06-13","1 wk ahead inc flu hosp","2022-06-18","17","quantile",0.15,3
"2022-06-13","1 wk ahead inc flu hosp","2022-06-18","17","quantile",0.2,5
"2022-06-13","1 wk ahead inc flu hosp","2022-06-18","17","quantile",0.25,7
"2022-06-13","1 wk ahead inc flu hosp","2022-06-18","17","quantile",0.3,10
"2022-06-13","1 wk ahead inc flu hosp","2022-06-18","17","quantile",0.35,13
"2022-06-13","1 wk ahead inc flu hosp","2022-06-18","17","quantile",0.4,16
"2022-06-13","1 wk ahead inc flu hosp","2022-06-18","17","quantile",0.45,20
"2022-06-13","1 wk ahead inc flu hosp","2022-06-18","17","quantile",0.5,24
"2022-06-13","1 wk ahead inc flu hosp","2022-06-18","17","quantile",0.55,28
"2022-06-13","1 wk ahead inc flu hosp","2022-06-18","17","quantile",0.6,33
"2022-06-13","1 wk ahead inc flu hosp","2022-06-18","17","quantile",0.65,38
"2022-06-13","1 wk ahead inc flu hosp","2022-06-18","17","quantile",0.7,44
"2022-06-13","1 wk ahead inc flu hosp","2022-06-18","17","quantile",0.75,51
"2022-06-13","1 wk ahead inc flu hosp","2022-06-18","17","quantile",0.8,60
"2022-06-13","1 wk ahead inc flu hosp","2022-06-18","17","quantile",0.85,70
"2022-06-13","1 wk ahead inc flu hosp","2022-06-18","17","quantile",0.9,84
"2022-06-13","1 wk ahead inc flu hosp","2022-06-18","17","quantile",0.95,107
"2022-06-13","1 wk ahead inc flu hosp","2022-06-18","17","quantile",0.975,128
"2022-06-13","1 wk ahead inc flu hosp","2022-06-18","17","quantile",0.99,157
"2022-06-13","2 wk ahead inc flu hosp","2022-06-25","17","quantile",0.01,0
"2022-06-13","2 wk ahead inc flu hosp","2022-06-25","17","quantile",0.025,0
"2022-06-13","2 wk ahead inc flu hosp","2022-06-25","17","quantile",0.05,0
"2022-06-13","2 wk ahead inc flu hosp","2022-06-25","17","quantile",0.1,0
"2022-06-13","2 wk ahead inc flu hosp","2022-06-25","17","quantile",0.15,0
"2022-06-13","2 wk ahead inc flu hosp","2022-06-25","17","quantile",0.2,1
"2022-06-13","2 wk ahead inc flu hosp","2022-06-25","17","quantile",0.25,3
"2022-06-13","2 wk ahead inc flu hosp","2022-06-25","17","quantile",0.3,5
"2022-06-13","2 wk ahead inc flu hosp","2022-06-25","17","quantile",0.35,8
"2022-06-13","2 wk ahead inc flu hosp","2022-06-25","17","quantile",0.4,13
"2022-06-13","2 wk ahead inc flu hosp","2022-06-25","17","quantile",0.45,18
"2022-06-13","2 wk ahead inc flu hosp","2022-06-25","17","quantile",0.5,24
"2022-06-13","2 wk ahead inc flu hosp","2022-06-25","17","quantile",0.55,31
"2022-06-13","2 wk ahead inc flu hosp","2022-06-25","17","quantile",0.6,39
"2022-06-13","2 wk ahead inc flu hosp","2022-06-25","17","quantile",0.65,48
"2022-06-13","2 wk ahead inc flu hosp","2022-06-25","17","quantile",0.7,58
"2022-06-13","2 wk ahead inc flu hosp","2022-06-25","17","quantile",0.75,71
"2022-06-13","2 wk ahead inc flu hosp","2022-06-25","17","quantile",0.8,86
"2022-06-13","2 wk ahead inc flu hosp","2022-06-25","17","quantile",0.85,105
"2022-06-13","2 wk ahead inc flu hosp","2022-06-25","17","quantile",0.9,132
"2022-06-13","2 wk ahead inc flu hosp","2022-06-25","17","quantile",0.95,177
"2022-06-13","2 wk ahead inc flu hosp","2022-06-25","17","quantile",0.975,222
"2022-06-13","2 wk ahead inc flu hosp","2022-06-25","17","quantile",0.99,280
"2022-06-13","3 wk ahead inc flu hosp","2022-07-02","17","quantile",0.01,0
"2022-06-13","3 wk ahead inc flu hosp","2022-07-02","17","quantile",0.025,0
"2022-06-13","3 wk ahead inc flu hosp","2022-07-02","17","quantile",0.05,0
"2022-06-13","3 wk ahead inc flu hosp","2022-07-02","17","quantile",0.1,0
"2022-06-13","3 wk ahead inc flu hosp","2022-07-02","17","quantile",0.15,0
"2022-06-13","3 wk ahead inc flu hosp","2022-07-02","17","quantile",0.2,0
"2022-06-13","3 wk ahead inc flu hosp","2022-07-02","17","quantile",0.25,1
"2022-06-13","3 wk ahead inc flu hosp","2022-07-02","17","quantile",0.3,3
"2022-06-13","3 wk ahead inc flu hosp","2022-07-02","17","quantile",0.35,6
"2022-06-13","3 wk ahead inc flu hosp","2022-07-02","17","quantile",0.4,10
"2022-06-13","3 wk ahead inc flu hosp","2022-07-02","17","quantile",0.45,16
"2022-06-13","3 wk ahead inc flu hosp","2022-07-02","17","quantile",0.5,24
"2022-06-13","3 wk ahead inc flu hosp","2022-07-02","17","quantile",0.55,33
"2022-06-13","3 wk ahead inc flu hosp","2022-07-02","17","quantile",0.6,43
"2022-06-13","3 wk ahead inc flu hosp","2022-07-02","17","quantile",0.65,55
"2022-06-13","3 wk ahead inc flu hosp","2022-07-02","17","quantile",0.7,69
"2022-06-13","3 wk ahead inc flu hosp","2022-07-02","17","quantile",0.75,86
"2022-06-13","3 wk ahead inc flu hosp","2022-07-02","17","quantile",0.8,107
"2022-06-13","3 wk ahead inc flu hosp","2022-07-02","17","quantile",0.85,134
"2022-06-13","3 wk ahead inc flu hosp","2022-07-02","17","quantile",0.9,173
"2022-06-13","3 wk ahead inc flu hosp","2022-07-02","17","quantile",0.95,238
"2022-06-13","3 wk ahead inc flu hosp","2022-07-02","17","quantile",0.975,304
"2022-06-13","3 wk ahead inc flu hosp","2022-07-02","17","quantile",0.99,389
"2022-06-13","4 wk ahead inc flu hosp","2022-07-09","17","quantile",0.01,0
"2022-06-13","4 wk ahead inc flu hosp","2022-07-09","17","quantile",0.025,0
"2022-06-13","4 wk ahead inc flu hosp","2022-07-09","17","quantile",0.05,0
"2022-06-13","4 wk ahead inc flu hosp","2022-07-09","17","quantile",0.1,0
"2022-06-13","4 wk ahead inc flu hosp","2022-07-09","17","quantile",0.15,0
"2022-06-13","4 wk ahead inc flu hosp","2022-07-09","17","quantile",0.2,0
"2022-06-13","4 wk ahead inc flu hosp","2022-07-09","17","quantile",0.25,0
"2022-06-13","4 wk ahead inc flu hosp","2022-07-09","17","quantile",0.3,1
"2022-06-13","4 wk ahead inc flu hosp","2022-07-09","17","quantile",0.35,4
"2022-06-13","4 wk ahead inc flu hosp","2022-07-09","17","quantile",0.4,9
"2022-06-13","4 wk ahead inc flu hosp","2022-07-09","17","quantile",0.45,15
"2022-06-13","4 wk ahead inc flu hosp","2022-07-09","17","quantile",0.5,24
"2022-06-13","4 wk ahead inc flu hosp","2022-07-09","17","quantile",0.55,35
"2022-06-13","4 wk ahead inc flu hosp","2022-07-09","17","quantile",0.6,47
"2022-06-13","4 wk ahead inc flu hosp","2022-07-09","17","quantile",0.65,62
"2022-06-13","4 wk ahead inc flu hosp","2022-07-09","17","quantile",0.7,80
"2022-06-13","4 wk ahead inc flu hosp","2022-07-09","17","quantile",0.75,101
"2022-06-13","4 wk ahead inc flu hosp","2022-07-09","17","quantile",0.8,128
"2022-06-13","4 wk ahead inc flu hosp","2022-07-09","17","quantile",0.85,162
"2022-06-13","4 wk ahead inc flu hosp","2022-07-09","17","quantile",0.9,211
"2022-06-13","4 wk ahead inc flu hosp","2022-07-09","17","quantile",0.95,298
"2022-06-13","4 wk ahead inc flu hosp","2022-07-09","17","quantile",0.975,381
"2022-06-13","4 wk ahead inc flu hosp","2022-07-09","17","quantile",0.99,490
"2022-06-13","1 wk ahead inc flu hosp","2022-06-18","17","point",NA,24
"2022-06-13","2 wk ahead inc flu hosp","2022-06-25","17","point",NA,24
"2022-06-13","3 wk ahead inc flu hosp","2022-07-02","17","point",NA,24
"2022-06-13","4 wk ahead inc flu hosp","2022-07-09","17","point",NA,24
"2022-06-13","1 wk ahead inc flu hosp","2022-06-18","18","quantile",0.01,0
"2022-06-13","1 wk ahead inc flu hosp","2022-06-18","18","quantile",0.025,0
"2022-06-13","1 wk ahead inc flu hosp","2022-06-18","18","quantile",0.05,0
"2022-06-13","1 wk ahead inc flu hosp","2022-06-18","18","quantile",0.1,0
"2022-06-13","1 wk ahead inc flu hosp","2022-06-18","18","quantile",0.15,1
"2022-06-13","1 wk ahead inc flu hosp","2022-06-18","18","quantile",0.2,1
"2022-06-13","1 wk ahead inc flu hosp","2022-06-18","18","quantile",0.25,2
"2022-06-13","1 wk ahead inc flu hosp","2022-06-18","18","quantile",0.3,3
"2022-06-13","1 wk ahead inc flu hosp","2022-06-18","18","quantile",0.35,4
"2022-06-13","1 wk ahead inc flu hosp","2022-06-18","18","quantile",0.4,6
"2022-06-13","1 wk ahead inc flu hosp","2022-06-18","18","quantile",0.45,7
"2022-06-13","1 wk ahead inc flu hosp","2022-06-18","18","quantile",0.5,9
"2022-06-13","1 wk ahead inc flu hosp","2022-06-18","18","quantile",0.55,12
"2022-06-13","1 wk ahead inc flu hosp","2022-06-18","18","quantile",0.6,14
"2022-06-13","1 wk ahead inc flu hosp","2022-06-18","18","quantile",0.65,18
"2022-06-13","1 wk ahead inc flu hosp","2022-06-18","18","quantile",0.7,21
"2022-06-13","1 wk ahead inc flu hosp","2022-06-18","18","quantile",0.75,26
"2022-06-13","1 wk ahead inc flu hosp","2022-06-18","18","quantile",0.8,31
"2022-06-13","1 wk ahead inc flu hosp","2022-06-18","18","quantile",0.85,38
"2022-06-13","1 wk ahead inc flu hosp","2022-06-18","18","quantile",0.9,47
"2022-06-13","1 wk ahead inc flu hosp","2022-06-18","18","quantile",0.95,62
"2022-06-13","1 wk ahead inc flu hosp","2022-06-18","18","quantile",0.975,77
"2022-06-13","1 wk ahead inc flu hosp","2022-06-18","18","quantile",0.99,97
"2022-06-13","2 wk ahead inc flu hosp","2022-06-25","18","quantile",0.01,0
"2022-06-13","2 wk ahead inc flu hosp","2022-06-25","18","quantile",0.025,0
"2022-06-13","2 wk ahead inc flu hosp","2022-06-25","18","quantile",0.05,0
"2022-06-13","2 wk ahead inc flu hosp","2022-06-25","18","quantile",0.1,0
"2022-06-13","2 wk ahead inc flu hosp","2022-06-25","18","quantile",0.15,0
"2022-06-13","2 wk ahead inc flu hosp","2022-06-25","18","quantile",0.2,0
"2022-06-13","2 wk ahead inc flu hosp","2022-06-25","18","quantile",0.25,0
"2022-06-13","2 wk ahead inc flu hosp","2022-06-25","18","quantile",0.3,1
"2022-06-13","2 wk ahead inc flu hosp","2022-06-25","18","quantile",0.35,2
"2022-06-13","2 wk ahead inc flu hosp","2022-06-25","18","quantile",0.4,4
"2022-06-13","2 wk ahead inc flu hosp","2022-06-25","18","quantile",0.45,7
"2022-06-13","2 wk ahead inc flu hosp","2022-06-25","18","quantile",0.5,10
"2022-06-13","2 wk ahead inc flu hosp","2022-06-25","18","quantile",0.55,14
"2022-06-13","2 wk ahead inc flu hosp","2022-06-25","18","quantile",0.6,18
"2022-06-13","2 wk ahead inc flu hosp","2022-06-25","18","quantile",0.65,24
"2022-06-13","2 wk ahead inc flu hosp","2022-06-25","18","quantile",0.7,30
"2022-06-13","2 wk ahead inc flu hosp","2022-06-25","18","quantile",0.75,38
"2022-06-13","2 wk ahead inc flu hosp","2022-06-25","18","quantile",0.8,48
"2022-06-13","2 wk ahead inc flu hosp","2022-06-25","18","quantile",0.85,60
"2022-06-13","2 wk ahead inc flu hosp","2022-06-25","18","quantile",0.9,78
"2022-06-13","2 wk ahead inc flu hosp","2022-06-25","18","quantile",0.95,107
"2022-06-13","2 wk ahead inc flu hosp","2022-06-25","18","quantile",0.975,137
"2022-06-13","2 wk ahead inc flu hosp","2022-06-25","18","quantile",0.99,176
"2022-06-13","3 wk ahead inc flu hosp","2022-07-02","18","quantile",0.01,0
"2022-06-13","3 wk ahead inc flu hosp","2022-07-02","18","quantile",0.025,0
"2022-06-13","3 wk ahead inc flu hosp","2022-07-02","18","quantile",0.05,0
"2022-06-13","3 wk ahead inc flu hosp","2022-07-02","18","quantile",0.1,0
"2022-06-13","3 wk ahead inc flu hosp","2022-07-02","18","quantile",0.15,0
"2022-06-13","3 wk ahead inc flu hosp","2022-07-02","18","quantile",0.2,0
"2022-06-13","3 wk ahead inc flu hosp","2022-07-02","18","quantile",0.25,0
"2022-06-13","3 wk ahead inc flu hosp","2022-07-02","18","quantile",0.3,0
"2022-06-13","3 wk ahead inc flu hosp","2022-07-02","18","quantile",0.35,1
"2022-06-13","3 wk ahead inc flu hosp","2022-07-02","18","quantile",0.4,3
"2022-06-13","3 wk ahead inc flu hosp","2022-07-02","18","quantile",0.45,6
"2022-06-13","3 wk ahead inc flu hosp","2022-07-02","18","quantile",0.5,10
"2022-06-13","3 wk ahead inc flu hosp","2022-07-02","18","quantile",0.55,15
"2022-06-13","3 wk ahead inc flu hosp","2022-07-02","18","quantile",0.6,21
"2022-06-13","3 wk ahead inc flu hosp","2022-07-02","18","quantile",0.65,29
"2022-06-13","3 wk ahead inc flu hosp","2022-07-02","18","quantile",0.7,38
"2022-06-13","3 wk ahead inc flu hosp","2022-07-02","18","quantile",0.75,49
"2022-06-13","3 wk ahead inc flu hosp","2022-07-02","18","quantile",0.8,62
"2022-06-13","3 wk ahead inc flu hosp","2022-07-02","18","quantile",0.85,80
"2022-06-13","3 wk ahead inc flu hosp","2022-07-02","18","quantile",0.9,106
"2022-06-13","3 wk ahead inc flu hosp","2022-07-02","18","quantile",0.95,149
"2022-06-13","3 wk ahead inc flu hosp","2022-07-02","18","quantile",0.975,192
"2022-06-13","3 wk ahead inc flu hosp","2022-07-02","18","quantile",0.99,252
"2022-06-13","4 wk ahead inc flu hosp","2022-07-09","18","quantile",0.01,0
"2022-06-13","4 wk ahead inc flu hosp","2022-07-09","18","quantile",0.025,0
"2022-06-13","4 wk ahead inc flu hosp","2022-07-09","18","quantile",0.05,0
"2022-06-13","4 wk ahead inc flu hosp","2022-07-09","18","quantile",0.1,0
"2022-06-13","4 wk ahead inc flu hosp","2022-07-09","18","quantile",0.15,0
"2022-06-13","4 wk ahead inc flu hosp","2022-07-09","18","quantile",0.2,0
"2022-06-13","4 wk ahead inc flu hosp","2022-07-09","18","quantile",0.25,0
"2022-06-13","4 wk ahead inc flu hosp","2022-07-09","18","quantile",0.3,0
"2022-06-13","4 wk ahead inc flu hosp","2022-07-09","18","quantile",0.35,1
"2022-06-13","4 wk ahead inc flu hosp","2022-07-09","18","quantile",0.4,2
"2022-06-13","4 wk ahead inc flu hosp","2022-07-09","18","quantile",0.45,5
"2022-06-13","4 wk ahead inc flu hosp","2022-07-09","18","quantile",0.5,10
"2022-06-13","4 wk ahead inc flu hosp","2022-07-09","18","quantile",0.55,16
"2022-06-13","4 wk ahead inc flu hosp","2022-07-09","18","quantile",0.6,24
"2022-06-13","4 wk ahead inc flu hosp","2022-07-09","18","quantile",0.65,33
"2022-06-13","4 wk ahead inc flu hosp","2022-07-09","18","quantile",0.7,44
"2022-06-13","4 wk ahead inc flu hosp","2022-07-09","18","quantile",0.75,58
"2022-06-13","4 wk ahead inc flu hosp","2022-07-09","18","quantile",0.8,75
"2022-06-13","4 wk ahead inc flu hosp","2022-07-09","18","quantile",0.85,97
"2022-06-13","4 wk ahead inc flu hosp","2022-07-09","18","quantile",0.9,131
"2022-06-13","4 wk ahead inc flu hosp","2022-07-09","18","quantile",0.95,189
"2022-06-13","4 wk ahead inc flu hosp","2022-07-09","18","quantile",0.975,246
"2022-06-13","4 wk ahead inc flu hosp","2022-07-09","18","quantile",0.99,323
"2022-06-13","1 wk ahead inc flu hosp","2022-06-18","18","point",NA,9
"2022-06-13","2 wk ahead inc flu hosp","2022-06-25","18","point",NA,10
"2022-06-13","3 wk ahead inc flu hosp","2022-07-02","18","point",NA,10
"2022-06-13","4 wk ahead inc flu hosp","2022-07-09","18","point",NA,10
"2022-06-13","1 wk ahead inc flu hosp","2022-06-18","19","quantile",0.01,0
"2022-06-13","1 wk ahead inc flu hosp","2022-06-18","19","quantile",0.025,0
"2022-06-13","1 wk ahead inc flu hosp","2022-06-18","19","quantile",0.05,0
"2022-06-13","1 wk ahead inc flu hosp","2022-06-18","19","quantile",0.1,2
"2022-06-13","1 wk ahead inc flu hosp","2022-06-18","19","quantile",0.15,3
"2022-06-13","1 wk ahead inc flu hosp","2022-06-18","19","quantile",0.2,5
"2022-06-13","1 wk ahead inc flu hosp","2022-06-18","19","quantile",0.25,8
"2022-06-13","1 wk ahead inc flu hosp","2022-06-18","19","quantile",0.3,10
"2022-06-13","1 wk ahead inc flu hosp","2022-06-18","19","quantile",0.35,13
"2022-06-13","1 wk ahead inc flu hosp","2022-06-18","19","quantile",0.4,16
"2022-06-13","1 wk ahead inc flu hosp","2022-06-18","19","quantile",0.45,20
"2022-06-13","1 wk ahead inc flu hosp","2022-06-18","19","quantile",0.5,23
"2022-06-13","1 wk ahead inc flu hosp","2022-06-18","19","quantile",0.55,27
"2022-06-13","1 wk ahead inc flu hosp","2022-06-18","19","quantile",0.6,31
"2022-06-13","1 wk ahead inc flu hosp","2022-06-18","19","quantile",0.65,36
"2022-06-13","1 wk ahead inc flu hosp","2022-06-18","19","quantile",0.7,41
"2022-06-13","1 wk ahead inc flu hosp","2022-06-18","19","quantile",0.75,47
"2022-06-13","1 wk ahead inc flu hosp","2022-06-18","19","quantile",0.8,54
"2022-06-13","1 wk ahead inc flu hosp","2022-06-18","19","quantile",0.85,63
"2022-06-13","1 wk ahead inc flu hosp","2022-06-18","19","quantile",0.9,75
"2022-06-13","1 wk ahead inc flu hosp","2022-06-18","19","quantile",0.95,94
"2022-06-13","1 wk ahead inc flu hosp","2022-06-18","19","quantile",0.975,112
"2022-06-13","1 wk ahead inc flu hosp","2022-06-18","19","quantile",0.99,134
"2022-06-13","2 wk ahead inc flu hosp","2022-06-25","19","quantile",0.01,0
"2022-06-13","2 wk ahead inc flu hosp","2022-06-25","19","quantile",0.025,0
"2022-06-13","2 wk ahead inc flu hosp","2022-06-25","19","quantile",0.05,0
"2022-06-13","2 wk ahead inc flu hosp","2022-06-25","19","quantile",0.1,0
"2022-06-13","2 wk ahead inc flu hosp","2022-06-25","19","quantile",0.15,0
"2022-06-13","2 wk ahead inc flu hosp","2022-06-25","19","quantile",0.2,1
"2022-06-13","2 wk ahead inc flu hosp","2022-06-25","19","quantile",0.25,3
"2022-06-13","2 wk ahead inc flu hosp","2022-06-25","19","quantile",0.3,6
"2022-06-13","2 wk ahead inc flu hosp","2022-06-25","19","quantile",0.35,9
"2022-06-13","2 wk ahead inc flu hosp","2022-06-25","19","quantile",0.4,13
"2022-06-13","2 wk ahead inc flu hosp","2022-06-25","19","quantile",0.45,18
"2022-06-13","2 wk ahead inc flu hosp","2022-06-25","19","quantile",0.5,23
"2022-06-13","2 wk ahead inc flu hosp","2022-06-25","19","quantile",0.55,29
"2022-06-13","2 wk ahead inc flu hosp","2022-06-25","19","quantile",0.6,36
"2022-06-13","2 wk ahead inc flu hosp","2022-06-25","19","quantile",0.65,44
"2022-06-13","2 wk ahead inc flu hosp","2022-06-25","19","quantile",0.7,54
"2022-06-13","2 wk ahead inc flu hosp","2022-06-25","19","quantile",0.75,64
"2022-06-13","2 wk ahead inc flu hosp","2022-06-25","19","quantile",0.8,77
"2022-06-13","2 wk ahead inc flu hosp","2022-06-25","19","quantile",0.85,93
"2022-06-13","2 wk ahead inc flu hosp","2022-06-25","19","quantile",0.9,115
"2022-06-13","2 wk ahead inc flu hosp","2022-06-25","19","quantile",0.95,151
"2022-06-13","2 wk ahead inc flu hosp","2022-06-25","19","quantile",0.975,187
"2022-06-13","2 wk ahead inc flu hosp","2022-06-25","19","quantile",0.99,232
"2022-06-13","3 wk ahead inc flu hosp","2022-07-02","19","quantile",0.01,0
"2022-06-13","3 wk ahead inc flu hosp","2022-07-02","19","quantile",0.025,0
"2022-06-13","3 wk ahead inc flu hosp","2022-07-02","19","quantile",0.05,0
"2022-06-13","3 wk ahead inc flu hosp","2022-07-02","19","quantile",0.1,0
"2022-06-13","3 wk ahead inc flu hosp","2022-07-02","19","quantile",0.15,0
"2022-06-13","3 wk ahead inc flu hosp","2022-07-02","19","quantile",0.2,0
"2022-06-13","3 wk ahead inc flu hosp","2022-07-02","19","quantile",0.25,1
"2022-06-13","3 wk ahead inc flu hosp","2022-07-02","19","quantile",0.3,3
"2022-06-13","3 wk ahead inc flu hosp","2022-07-02","19","quantile",0.35,6
"2022-06-13","3 wk ahead inc flu hosp","2022-07-02","19","quantile",0.4,11
"2022-06-13","3 wk ahead inc flu hosp","2022-07-02","19","quantile",0.45,17
"2022-06-13","3 wk ahead inc flu hosp","2022-07-02","19","quantile",0.5,23
"2022-06-13","3 wk ahead inc flu hosp","2022-07-02","19","quantile",0.55,31
"2022-06-13","3 wk ahead inc flu hosp","2022-07-02","19","quantile",0.6,40
"2022-06-13","3 wk ahead inc flu hosp","2022-07-02","19","quantile",0.65,51
"2022-06-13","3 wk ahead inc flu hosp","2022-07-02","19","quantile",0.7,63
"2022-06-13","3 wk ahead inc flu hosp","2022-07-02","19","quantile",0.75,77
"2022-06-13","3 wk ahead inc flu hosp","2022-07-02","19","quantile",0.8,95
"2022-06-13","3 wk ahead inc flu hosp","2022-07-02","19","quantile",0.85,117
"2022-06-13","3 wk ahead inc flu hosp","2022-07-02","19","quantile",0.9,148
"2022-06-13","3 wk ahead inc flu hosp","2022-07-02","19","quantile",0.95,201
"2022-06-13","3 wk ahead inc flu hosp","2022-07-02","19","quantile",0.975,254
"2022-06-13","3 wk ahead inc flu hosp","2022-07-02","19","quantile",0.99,321
"2022-06-13","4 wk ahead inc flu hosp","2022-07-09","19","quantile",0.01,0
"2022-06-13","4 wk ahead inc flu hosp","2022-07-09","19","quantile",0.025,0
"2022-06-13","4 wk ahead inc flu hosp","2022-07-09","19","quantile",0.05,0
"2022-06-13","4 wk ahead inc flu hosp","2022-07-09","19","quantile",0.1,0
"2022-06-13","4 wk ahead inc flu hosp","2022-07-09","19","quantile",0.15,0
"2022-06-13","4 wk ahead inc flu hosp","2022-07-09","19","quantile",0.2,0
"2022-06-13","4 wk ahead inc flu hosp","2022-07-09","19","quantile",0.25,1
"2022-06-13","4 wk ahead inc flu hosp","2022-07-09","19","quantile",0.3,2
"2022-06-13","4 wk ahead inc flu hosp","2022-07-09","19","quantile",0.35,5
"2022-06-13","4 wk ahead inc flu hosp","2022-07-09","19","quantile",0.4,9
"2022-06-13","4 wk ahead inc flu hosp","2022-07-09","19","quantile",0.45,16
"2022-06-13","4 wk ahead inc flu hosp","2022-07-09","19","quantile",0.5,23
"2022-06-13","4 wk ahead inc flu hosp","2022-07-09","19","quantile",0.55,33
"2022-06-13","4 wk ahead inc flu hosp","2022-07-09","19","quantile",0.6,44
"2022-06-13","4 wk ahead inc flu hosp","2022-07-09","19","quantile",0.65,56
"2022-06-13","4 wk ahead inc flu hosp","2022-07-09","19","quantile",0.7,71
"2022-06-13","4 wk ahead inc flu hosp","2022-07-09","19","quantile",0.75,89
"2022-06-13","4 wk ahead inc flu hosp","2022-07-09","19","quantile",0.8,111
"2022-06-13","4 wk ahead inc flu hosp","2022-07-09","19","quantile",0.85,140
"2022-06-13","4 wk ahead inc flu hosp","2022-07-09","19","quantile",0.9,179
"2022-06-13","4 wk ahead inc flu hosp","2022-07-09","19","quantile",0.95,247
"2022-06-13","4 wk ahead inc flu hosp","2022-07-09","19","quantile",0.975,314
"2022-06-13","4 wk ahead inc flu hosp","2022-07-09","19","quantile",0.99,405
"2022-06-13","1 wk ahead inc flu hosp","2022-06-18","19","point",NA,23
"2022-06-13","2 wk ahead inc flu hosp","2022-06-25","19","point",NA,23
"2022-06-13","3 wk ahead inc flu hosp","2022-07-02","19","point",NA,23
"2022-06-13","4 wk ahead inc flu hosp","2022-07-09","19","point",NA,23
"2022-06-13","1 wk ahead inc flu hosp","2022-06-18","20","quantile",0.01,0
"2022-06-13","1 wk ahead inc flu hosp","2022-06-18","20","quantile",0.025,0
"2022-06-13","1 wk ahead inc flu hosp","2022-06-18","20","quantile",0.05,0
"2022-06-13","1 wk ahead inc flu hosp","2022-06-18","20","quantile",0.1,0
"2022-06-13","1 wk ahead inc flu hosp","2022-06-18","20","quantile",0.15,0
"2022-06-13","1 wk ahead inc flu hosp","2022-06-18","20","quantile",0.2,0
"2022-06-13","1 wk ahead inc flu hosp","2022-06-18","20","quantile",0.25,0
"2022-06-13","1 wk ahead inc flu hosp","2022-06-18","20","quantile",0.3,0
"2022-06-13","1 wk ahead inc flu hosp","2022-06-18","20","quantile",0.35,0
"2022-06-13","1 wk ahead inc flu hosp","2022-06-18","20","quantile",0.4,1
"2022-06-13","1 wk ahead inc flu hosp","2022-06-18","20","quantile",0.45,1
"2022-06-13","1 wk ahead inc flu hosp","2022-06-18","20","quantile",0.5,2
"2022-06-13","1 wk ahead inc flu hosp","2022-06-18","20","quantile",0.55,3
"2022-06-13","1 wk ahead inc flu hosp","2022-06-18","20","quantile",0.6,4
"2022-06-13","1 wk ahead inc flu hosp","2022-06-18","20","quantile",0.65,5
"2022-06-13","1 wk ahead inc flu hosp","2022-06-18","20","quantile",0.7,6
"2022-06-13","1 wk ahead inc flu hosp","2022-06-18","20","quantile",0.75,7
"2022-06-13","1 wk ahead inc flu hosp","2022-06-18","20","quantile",0.8,9
"2022-06-13","1 wk ahead inc flu hosp","2022-06-18","20","quantile",0.85,11
"2022-06-13","1 wk ahead inc flu hosp","2022-06-18","20","quantile",0.9,14
"2022-06-13","1 wk ahead inc flu hosp","2022-06-18","20","quantile",0.95,19
"2022-06-13","1 wk ahead inc flu hosp","2022-06-18","20","quantile",0.975,24
"2022-06-13","1 wk ahead inc flu hosp","2022-06-18","20","quantile",0.99,29
"2022-06-13","2 wk ahead inc flu hosp","2022-06-25","20","quantile",0.01,0
"2022-06-13","2 wk ahead inc flu hosp","2022-06-25","20","quantile",0.025,0
"2022-06-13","2 wk ahead inc flu hosp","2022-06-25","20","quantile",0.05,0
"2022-06-13","2 wk ahead inc flu hosp","2022-06-25","20","quantile",0.1,0
"2022-06-13","2 wk ahead inc flu hosp","2022-06-25","20","quantile",0.15,0
"2022-06-13","2 wk ahead inc flu hosp","2022-06-25","20","quantile",0.2,0
"2022-06-13","2 wk ahead inc flu hosp","2022-06-25","20","quantile",0.25,0
"2022-06-13","2 wk ahead inc flu hosp","2022-06-25","20","quantile",0.3,0
"2022-06-13","2 wk ahead inc flu hosp","2022-06-25","20","quantile",0.35,0
"2022-06-13","2 wk ahead inc flu hosp","2022-06-25","20","quantile",0.4,1
"2022-06-13","2 wk ahead inc flu hosp","2022-06-25","20","quantile",0.45,1
"2022-06-13","2 wk ahead inc flu hosp","2022-06-25","20","quantile",0.5,2
"2022-06-13","2 wk ahead inc flu hosp","2022-06-25","20","quantile",0.55,3
"2022-06-13","2 wk ahead inc flu hosp","2022-06-25","20","quantile",0.6,5
"2022-06-13","2 wk ahead inc flu hosp","2022-06-25","20","quantile",0.65,6
"2022-06-13","2 wk ahead inc flu hosp","2022-06-25","20","quantile",0.7,9
"2022-06-13","2 wk ahead inc flu hosp","2022-06-25","20","quantile",0.75,11
"2022-06-13","2 wk ahead inc flu hosp","2022-06-25","20","quantile",0.8,14
"2022-06-13","2 wk ahead inc flu hosp","2022-06-25","20","quantile",0.85,19
"2022-06-13","2 wk ahead inc flu hosp","2022-06-25","20","quantile",0.9,24
"2022-06-13","2 wk ahead inc flu hosp","2022-06-25","20","quantile",0.95,34
"2022-06-13","2 wk ahead inc flu hosp","2022-06-25","20","quantile",0.975,43
"2022-06-13","2 wk ahead inc flu hosp","2022-06-25","20","quantile",0.99,55
"2022-06-13","3 wk ahead inc flu hosp","2022-07-02","20","quantile",0.01,0
"2022-06-13","3 wk ahead inc flu hosp","2022-07-02","20","quantile",0.025,0
"2022-06-13","3 wk ahead inc flu hosp","2022-07-02","20","quantile",0.05,0
"2022-06-13","3 wk ahead inc flu hosp","2022-07-02","20","quantile",0.1,0
"2022-06-13","3 wk ahead inc flu hosp","2022-07-02","20","quantile",0.15,0
"2022-06-13","3 wk ahead inc flu hosp","2022-07-02","20","quantile",0.2,0
"2022-06-13","3 wk ahead inc flu hosp","2022-07-02","20","quantile",0.25,0
"2022-06-13","3 wk ahead inc flu hosp","2022-07-02","20","quantile",0.3,0
"2022-06-13","3 wk ahead inc flu hosp","2022-07-02","20","quantile",0.35,0
"2022-06-13","3 wk ahead inc flu hosp","2022-07-02","20","quantile",0.4,1
"2022-06-13","3 wk ahead inc flu hosp","2022-07-02","20","quantile",0.45,1
"2022-06-13","3 wk ahead inc flu hosp","2022-07-02","20","quantile",0.5,2
"2022-06-13","3 wk ahead inc flu hosp","2022-07-02","20","quantile",0.55,4
"2022-06-13","3 wk ahead inc flu hosp","2022-07-02","20","quantile",0.6,6
"2022-06-13","3 wk ahead inc flu hosp","2022-07-02","20","quantile",0.65,8
"2022-06-13","3 wk ahead inc flu hosp","2022-07-02","20","quantile",0.7,11
"2022-06-13","3 wk ahead inc flu hosp","2022-07-02","20","quantile",0.75,15
"2022-06-13","3 wk ahead inc flu hosp","2022-07-02","20","quantile",0.8,19
"2022-06-13","3 wk ahead inc flu hosp","2022-07-02","20","quantile",0.85,25
"2022-06-13","3 wk ahead inc flu hosp","2022-07-02","20","quantile",0.9,33
"2022-06-13","3 wk ahead inc flu hosp","2022-07-02","20","quantile",0.95,47
"2022-06-13","3 wk ahead inc flu hosp","2022-07-02","20","quantile",0.975,60
"2022-06-13","3 wk ahead inc flu hosp","2022-07-02","20","quantile",0.99,77
"2022-06-13","4 wk ahead inc flu hosp","2022-07-09","20","quantile",0.01,0
"2022-06-13","4 wk ahead inc flu hosp","2022-07-09","20","quantile",0.025,0
"2022-06-13","4 wk ahead inc flu hosp","2022-07-09","20","quantile",0.05,0
"2022-06-13","4 wk ahead inc flu hosp","2022-07-09","20","quantile",0.1,0
"2022-06-13","4 wk ahead inc flu hosp","2022-07-09","20","quantile",0.15,0
"2022-06-13","4 wk ahead inc flu hosp","2022-07-09","20","quantile",0.2,0
"2022-06-13","4 wk ahead inc flu hosp","2022-07-09","20","quantile",0.25,0
"2022-06-13","4 wk ahead inc flu hosp","2022-07-09","20","quantile",0.3,0
"2022-06-13","4 wk ahead inc flu hosp","2022-07-09","20","quantile",0.35,0
"2022-06-13","4 wk ahead inc flu hosp","2022-07-09","20","quantile",0.4,0
"2022-06-13","4 wk ahead inc flu hosp","2022-07-09","20","quantile",0.45,1
"2022-06-13","4 wk ahead inc flu hosp","2022-07-09","20","quantile",0.5,2
"2022-06-13","4 wk ahead inc flu hosp","2022-07-09","20","quantile",0.55,4
"2022-06-13","4 wk ahead inc flu hosp","2022-07-09","20","quantile",0.6,6
"2022-06-13","4 wk ahead inc flu hosp","2022-07-09","20","quantile",0.65,9
"2022-06-13","4 wk ahead inc flu hosp","2022-07-09","20","quantile",0.7,13
"2022-06-13","4 wk ahead inc flu hosp","2022-07-09","20","quantile",0.75,18
"2022-06-13","4 wk ahead inc flu hosp","2022-07-09","20","quantile",0.8,23
"2022-06-13","4 wk ahead inc flu hosp","2022-07-09","20","quantile",0.85,31
"2022-06-13","4 wk ahead inc flu hosp","2022-07-09","20","quantile",0.9,41
"2022-06-13","4 wk ahead inc flu hosp","2022-07-09","20","quantile",0.95,59
"2022-06-13","4 wk ahead inc flu hosp","2022-07-09","20","quantile",0.975,76
"2022-06-13","4 wk ahead inc flu hosp","2022-07-09","20","quantile",0.99,98
"2022-06-13","1 wk ahead inc flu hosp","2022-06-18","20","point",NA,2
"2022-06-13","2 wk ahead inc flu hosp","2022-06-25","20","point",NA,2
"2022-06-13","3 wk ahead inc flu hosp","2022-07-02","20","point",NA,2
"2022-06-13","4 wk ahead inc flu hosp","2022-07-09","20","point",NA,2
"2022-06-13","1 wk ahead inc flu hosp","2022-06-18","21","quantile",0.01,0
"2022-06-13","1 wk ahead inc flu hosp","2022-06-18","21","quantile",0.025,0
"2022-06-13","1 wk ahead inc flu hosp","2022-06-18","21","quantile",0.05,1
"2022-06-13","1 wk ahead inc flu hosp","2022-06-18","21","quantile",0.1,3
"2022-06-13","1 wk ahead inc flu hosp","2022-06-18","21","quantile",0.15,6
"2022-06-13","1 wk ahead inc flu hosp","2022-06-18","21","quantile",0.2,9
"2022-06-13","1 wk ahead inc flu hosp","2022-06-18","21","quantile",0.25,12
"2022-06-13","1 wk ahead inc flu hosp","2022-06-18","21","quantile",0.3,15
"2022-06-13","1 wk ahead inc flu hosp","2022-06-18","21","quantile",0.35,19
"2022-06-13","1 wk ahead inc flu hosp","2022-06-18","21","quantile",0.4,22
"2022-06-13","1 wk ahead inc flu hosp","2022-06-18","21","quantile",0.45,26
"2022-06-13","1 wk ahead inc flu hosp","2022-06-18","21","quantile",0.5,30
"2022-06-13","1 wk ahead inc flu hosp","2022-06-18","21","quantile",0.55,34
"2022-06-13","1 wk ahead inc flu hosp","2022-06-18","21","quantile",0.6,39
"2022-06-13","1 wk ahead inc flu hosp","2022-06-18","21","quantile",0.65,44
"2022-06-13","1 wk ahead inc flu hosp","2022-06-18","21","quantile",0.7,49
"2022-06-13","1 wk ahead inc flu hosp","2022-06-18","21","quantile",0.75,56
"2022-06-13","1 wk ahead inc flu hosp","2022-06-18","21","quantile",0.8,63
"2022-06-13","1 wk ahead inc flu hosp","2022-06-18","21","quantile",0.85,72
"2022-06-13","1 wk ahead inc flu hosp","2022-06-18","21","quantile",0.9,85
"2022-06-13","1 wk ahead inc flu hosp","2022-06-18","21","quantile",0.95,105
"2022-06-13","1 wk ahead inc flu hosp","2022-06-18","21","quantile",0.975,124
"2022-06-13","1 wk ahead inc flu hosp","2022-06-18","21","quantile",0.99,146
"2022-06-13","2 wk ahead inc flu hosp","2022-06-25","21","quantile",0.01,0
"2022-06-13","2 wk ahead inc flu hosp","2022-06-25","21","quantile",0.025,0
"2022-06-13","2 wk ahead inc flu hosp","2022-06-25","21","quantile",0.05,0
"2022-06-13","2 wk ahead inc flu hosp","2022-06-25","21","quantile",0.1,0
"2022-06-13","2 wk ahead inc flu hosp","2022-06-25","21","quantile",0.15,1
"2022-06-13","2 wk ahead inc flu hosp","2022-06-25","21","quantile",0.2,3
"2022-06-13","2 wk ahead inc flu hosp","2022-06-25","21","quantile",0.25,6
"2022-06-13","2 wk ahead inc flu hosp","2022-06-25","21","quantile",0.3,9
"2022-06-13","2 wk ahead inc flu hosp","2022-06-25","21","quantile",0.35,14
"2022-06-13","2 wk ahead inc flu hosp","2022-06-25","21","quantile",0.4,19
"2022-06-13","2 wk ahead inc flu hosp","2022-06-25","21","quantile",0.45,24
"2022-06-13","2 wk ahead inc flu hosp","2022-06-25","21","quantile",0.5,30
"2022-06-13","2 wk ahead inc flu hosp","2022-06-25","21","quantile",0.55,37
"2022-06-13","2 wk ahead inc flu hosp","2022-06-25","21","quantile",0.6,44
"2022-06-13","2 wk ahead inc flu hosp","2022-06-25","21","quantile",0.65,52
"2022-06-13","2 wk ahead inc flu hosp","2022-06-25","21","quantile",0.7,62
"2022-06-13","2 wk ahead inc flu hosp","2022-06-25","21","quantile",0.75,73
"2022-06-13","2 wk ahead inc flu hosp","2022-06-25","21","quantile",0.8,86
"2022-06-13","2 wk ahead inc flu hosp","2022-06-25","21","quantile",0.85,103
"2022-06-13","2 wk ahead inc flu hosp","2022-06-25","21","quantile",0.9,126
"2022-06-13","2 wk ahead inc flu hosp","2022-06-25","21","quantile",0.95,164
"2022-06-13","2 wk ahead inc flu hosp","2022-06-25","21","quantile",0.975,201
"2022-06-13","2 wk ahead inc flu hosp","2022-06-25","21","quantile",0.99,249
"2022-06-13","3 wk ahead inc flu hosp","2022-07-02","21","quantile",0.01,0
"2022-06-13","3 wk ahead inc flu hosp","2022-07-02","21","quantile",0.025,0
"2022-06-13","3 wk ahead inc flu hosp","2022-07-02","21","quantile",0.05,0
"2022-06-13","3 wk ahead inc flu hosp","2022-07-02","21","quantile",0.1,0
"2022-06-13","3 wk ahead inc flu hosp","2022-07-02","21","quantile",0.15,0
"2022-06-13","3 wk ahead inc flu hosp","2022-07-02","21","quantile",0.2,1
"2022-06-13","3 wk ahead inc flu hosp","2022-07-02","21","quantile",0.25,3
"2022-06-13","3 wk ahead inc flu hosp","2022-07-02","21","quantile",0.3,6
"2022-06-13","3 wk ahead inc flu hosp","2022-07-02","21","quantile",0.35,11
"2022-06-13","3 wk ahead inc flu hosp","2022-07-02","21","quantile",0.4,16
"2022-06-13","3 wk ahead inc flu hosp","2022-07-02","21","quantile",0.45,23
"2022-06-13","3 wk ahead inc flu hosp","2022-07-02","21","quantile",0.5,30
"2022-06-13","3 wk ahead inc flu hosp","2022-07-02","21","quantile",0.55,39
"2022-06-13","3 wk ahead inc flu hosp","2022-07-02","21","quantile",0.6,48
"2022-06-13","3 wk ahead inc flu hosp","2022-07-02","21","quantile",0.65,59
"2022-06-13","3 wk ahead inc flu hosp","2022-07-02","21","quantile",0.7,72
"2022-06-13","3 wk ahead inc flu hosp","2022-07-02","21","quantile",0.75,87
"2022-06-13","3 wk ahead inc flu hosp","2022-07-02","21","quantile",0.8,105
"2022-06-13","3 wk ahead inc flu hosp","2022-07-02","21","quantile",0.85,128
"2022-06-13","3 wk ahead inc flu hosp","2022-07-02","21","quantile",0.9,160
"2022-06-13","3 wk ahead inc flu hosp","2022-07-02","21","quantile",0.95,214
"2022-06-13","3 wk ahead inc flu hosp","2022-07-02","21","quantile",0.975,269
"2022-06-13","3 wk ahead inc flu hosp","2022-07-02","21","quantile",0.99,341
"2022-06-13","4 wk ahead inc flu hosp","2022-07-09","21","quantile",0.01,0
"2022-06-13","4 wk ahead inc flu hosp","2022-07-09","21","quantile",0.025,0
"2022-06-13","4 wk ahead inc flu hosp","2022-07-09","21","quantile",0.05,0
"2022-06-13","4 wk ahead inc flu hosp","2022-07-09","21","quantile",0.1,0
"2022-06-13","4 wk ahead inc flu hosp","2022-07-09","21","quantile",0.15,0
"2022-06-13","4 wk ahead inc flu hosp","2022-07-09","21","quantile",0.2,0
"2022-06-13","4 wk ahead inc flu hosp","2022-07-09","21","quantile",0.25,1
"2022-06-13","4 wk ahead inc flu hosp","2022-07-09","21","quantile",0.3,4
"2022-06-13","4 wk ahead inc flu hosp","2022-07-09","21","quantile",0.35,8
"2022-06-13","4 wk ahead inc flu hosp","2022-07-09","21","quantile",0.4,14
"2022-06-13","4 wk ahead inc flu hosp","2022-07-09","21","quantile",0.45,22
"2022-06-13","4 wk ahead inc flu hosp","2022-07-09","21","quantile",0.5,30
"2022-06-13","4 wk ahead inc flu hosp","2022-07-09","21","quantile",0.55,40
"2022-06-13","4 wk ahead inc flu hosp","2022-07-09","21","quantile",0.6,52
"2022-06-13","4 wk ahead inc flu hosp","2022-07-09","21","quantile",0.65,65
"2022-06-13","4 wk ahead inc flu hosp","2022-07-09","21","quantile",0.7,81
"2022-06-13","4 wk ahead inc flu hosp","2022-07-09","21","quantile",0.75,99
"2022-06-13","4 wk ahead inc flu hosp","2022-07-09","21","quantile",0.8,122
"2022-06-13","4 wk ahead inc flu hosp","2022-07-09","21","quantile",0.85,151
"2022-06-13","4 wk ahead inc flu hosp","2022-07-09","21","quantile",0.9,192
"2022-06-13","4 wk ahead inc flu hosp","2022-07-09","21","quantile",0.95,262
"2022-06-13","4 wk ahead inc flu hosp","2022-07-09","21","quantile",0.975,332
"2022-06-13","4 wk ahead inc flu hosp","2022-07-09","21","quantile",0.99,423
"2022-06-13","1 wk ahead inc flu hosp","2022-06-18","21","point",NA,30
"2022-06-13","2 wk ahead inc flu hosp","2022-06-25","21","point",NA,30
"2022-06-13","3 wk ahead inc flu hosp","2022-07-02","21","point",NA,30
"2022-06-13","4 wk ahead inc flu hosp","2022-07-09","21","point",NA,30
"2022-06-13","1 wk ahead inc flu hosp","2022-06-18","22","quantile",0.01,0
"2022-06-13","1 wk ahead inc flu hosp","2022-06-18","22","quantile",0.025,0
"2022-06-13","1 wk ahead inc flu hosp","2022-06-18","22","quantile",0.05,0
"2022-06-13","1 wk ahead inc flu hosp","2022-06-18","22","quantile",0.1,2
"2022-06-13","1 wk ahead inc flu hosp","2022-06-18","22","quantile",0.15,3
"2022-06-13","1 wk ahead inc flu hosp","2022-06-18","22","quantile",0.2,5
"2022-06-13","1 wk ahead inc flu hosp","2022-06-18","22","quantile",0.25,8
"2022-06-13","1 wk ahead inc flu hosp","2022-06-18","22","quantile",0.3,10
"2022-06-13","1 wk ahead inc flu hosp","2022-06-18","22","quantile",0.35,13
"2022-06-13","1 wk ahead inc flu hosp","2022-06-18","22","quantile",0.4,16
"2022-06-13","1 wk ahead inc flu hosp","2022-06-18","22","quantile",0.45,20
"2022-06-13","1 wk ahead inc flu hosp","2022-06-18","22","quantile",0.5,23
"2022-06-13","1 wk ahead inc flu hosp","2022-06-18","22","quantile",0.55,27
"2022-06-13","1 wk ahead inc flu hosp","2022-06-18","22","quantile",0.6,32
"2022-06-13","1 wk ahead inc flu hosp","2022-06-18","22","quantile",0.65,36
"2022-06-13","1 wk ahead inc flu hosp","2022-06-18","22","quantile",0.7,42
"2022-06-13","1 wk ahead inc flu hosp","2022-06-18","22","quantile",0.75,48
"2022-06-13","1 wk ahead inc flu hosp","2022-06-18","22","quantile",0.8,55
"2022-06-13","1 wk ahead inc flu hosp","2022-06-18","22","quantile",0.85,65
"2022-06-13","1 wk ahead inc flu hosp","2022-06-18","22","quantile",0.9,78
"2022-06-13","1 wk ahead inc flu hosp","2022-06-18","22","quantile",0.95,98
"2022-06-13","1 wk ahead inc flu hosp","2022-06-18","22","quantile",0.975,119
"2022-06-13","1 wk ahead inc flu hosp","2022-06-18","22","quantile",0.99,145
"2022-06-13","2 wk ahead inc flu hosp","2022-06-25","22","quantile",0.01,0
"2022-06-13","2 wk ahead inc flu hosp","2022-06-25","22","quantile",0.025,0
"2022-06-13","2 wk ahead inc flu hosp","2022-06-25","22","quantile",0.05,0
"2022-06-13","2 wk ahead inc flu hosp","2022-06-25","22","quantile",0.1,0
"2022-06-13","2 wk ahead inc flu hosp","2022-06-25","22","quantile",0.15,0
"2022-06-13","2 wk ahead inc flu hosp","2022-06-25","22","quantile",0.2,1
"2022-06-13","2 wk ahead inc flu hosp","2022-06-25","22","quantile",0.25,3
"2022-06-13","2 wk ahead inc flu hosp","2022-06-25","22","quantile",0.3,6
"2022-06-13","2 wk ahead inc flu hosp","2022-06-25","22","quantile",0.35,9
"2022-06-13","2 wk ahead inc flu hosp","2022-06-25","22","quantile",0.4,13
"2022-06-13","2 wk ahead inc flu hosp","2022-06-25","22","quantile",0.45,18
"2022-06-13","2 wk ahead inc flu hosp","2022-06-25","22","quantile",0.5,23
"2022-06-13","2 wk ahead inc flu hosp","2022-06-25","22","quantile",0.55,30
"2022-06-13","2 wk ahead inc flu hosp","2022-06-25","22","quantile",0.6,37
"2022-06-13","2 wk ahead inc flu hosp","2022-06-25","22","quantile",0.65,45
"2022-06-13","2 wk ahead inc flu hosp","2022-06-25","22","quantile",0.7,54
"2022-06-13","2 wk ahead inc flu hosp","2022-06-25","22","quantile",0.75,65
"2022-06-13","2 wk ahead inc flu hosp","2022-06-25","22","quantile",0.8,79
"2022-06-13","2 wk ahead inc flu hosp","2022-06-25","22","quantile",0.85,96
"2022-06-13","2 wk ahead inc flu hosp","2022-06-25","22","quantile",0.9,120
"2022-06-13","2 wk ahead inc flu hosp","2022-06-25","22","quantile",0.95,160
"2022-06-13","2 wk ahead inc flu hosp","2022-06-25","22","quantile",0.975,200
"2022-06-13","2 wk ahead inc flu hosp","2022-06-25","22","quantile",0.99,253
"2022-06-13","3 wk ahead inc flu hosp","2022-07-02","22","quantile",0.01,0
"2022-06-13","3 wk ahead inc flu hosp","2022-07-02","22","quantile",0.025,0
"2022-06-13","3 wk ahead inc flu hosp","2022-07-02","22","quantile",0.05,0
"2022-06-13","3 wk ahead inc flu hosp","2022-07-02","22","quantile",0.1,0
"2022-06-13","3 wk ahead inc flu hosp","2022-07-02","22","quantile",0.15,0
"2022-06-13","3 wk ahead inc flu hosp","2022-07-02","22","quantile",0.2,0
"2022-06-13","3 wk ahead inc flu hosp","2022-07-02","22","quantile",0.25,1
"2022-06-13","3 wk ahead inc flu hosp","2022-07-02","22","quantile",0.3,3
"2022-06-13","3 wk ahead inc flu hosp","2022-07-02","22","quantile",0.35,6
"2022-06-13","3 wk ahead inc flu hosp","2022-07-02","22","quantile",0.4,11
"2022-06-13","3 wk ahead inc flu hosp","2022-07-02","22","quantile",0.45,17
"2022-06-13","3 wk ahead inc flu hosp","2022-07-02","22","quantile",0.5,24
"2022-06-13","3 wk ahead inc flu hosp","2022-07-02","22","quantile",0.55,32
"2022-06-13","3 wk ahead inc flu hosp","2022-07-02","22","quantile",0.6,41
"2022-06-13","3 wk ahead inc flu hosp","2022-07-02","22","quantile",0.65,52
"2022-06-13","3 wk ahead inc flu hosp","2022-07-02","22","quantile",0.7,64
"2022-06-13","3 wk ahead inc flu hosp","2022-07-02","22","quantile",0.75,80
"2022-06-13","3 wk ahead inc flu hosp","2022-07-02","22","quantile",0.8,98
"2022-06-13","3 wk ahead inc flu hosp","2022-07-02","22","quantile",0.85,123
"2022-06-13","3 wk ahead inc flu hosp","2022-07-02","22","quantile",0.9,156
"2022-06-13","3 wk ahead inc flu hosp","2022-07-02","22","quantile",0.95,215
"2022-06-13","3 wk ahead inc flu hosp","2022-07-02","22","quantile",0.975,273
"2022-06-13","3 wk ahead inc flu hosp","2022-07-02","22","quantile",0.99,351
"2022-06-13","4 wk ahead inc flu hosp","2022-07-09","22","quantile",0.01,0
"2022-06-13","4 wk ahead inc flu hosp","2022-07-09","22","quantile",0.025,0
"2022-06-13","4 wk ahead inc flu hosp","2022-07-09","22","quantile",0.05,0
"2022-06-13","4 wk ahead inc flu hosp","2022-07-09","22","quantile",0.1,0
"2022-06-13","4 wk ahead inc flu hosp","2022-07-09","22","quantile",0.15,0
"2022-06-13","4 wk ahead inc flu hosp","2022-07-09","22","quantile",0.2,0
"2022-06-13","4 wk ahead inc flu hosp","2022-07-09","22","quantile",0.25,0
"2022-06-13","4 wk ahead inc flu hosp","2022-07-09","22","quantile",0.3,2
"2022-06-13","4 wk ahead inc flu hosp","2022-07-09","22","quantile",0.35,4
"2022-06-13","4 wk ahead inc flu hosp","2022-07-09","22","quantile",0.4,9
"2022-06-13","4 wk ahead inc flu hosp","2022-07-09","22","quantile",0.45,16
"2022-06-13","4 wk ahead inc flu hosp","2022-07-09","22","quantile",0.5,24
"2022-06-13","4 wk ahead inc flu hosp","2022-07-09","22","quantile",0.55,33
"2022-06-13","4 wk ahead inc flu hosp","2022-07-09","22","quantile",0.6,44
"2022-06-13","4 wk ahead inc flu hosp","2022-07-09","22","quantile",0.65,57
"2022-06-13","4 wk ahead inc flu hosp","2022-07-09","22","quantile",0.7,73
"2022-06-13","4 wk ahead inc flu hosp","2022-07-09","22","quantile",0.75,91
"2022-06-13","4 wk ahead inc flu hosp","2022-07-09","22","quantile",0.8,114
"2022-06-13","4 wk ahead inc flu hosp","2022-07-09","22","quantile",0.85,146
"2022-06-13","4 wk ahead inc flu hosp","2022-07-09","22","quantile",0.9,189
"2022-06-13","4 wk ahead inc flu hosp","2022-07-09","22","quantile",0.95,264
"2022-06-13","4 wk ahead inc flu hosp","2022-07-09","22","quantile",0.975,341
"2022-06-13","4 wk ahead inc flu hosp","2022-07-09","22","quantile",0.99,439
"2022-06-13","1 wk ahead inc flu hosp","2022-06-18","22","point",NA,23
"2022-06-13","2 wk ahead inc flu hosp","2022-06-25","22","point",NA,23
"2022-06-13","3 wk ahead inc flu hosp","2022-07-02","22","point",NA,24
"2022-06-13","4 wk ahead inc flu hosp","2022-07-09","22","point",NA,24
"2022-06-13","1 wk ahead inc flu hosp","2022-06-18","23","quantile",0.01,0
"2022-06-13","1 wk ahead inc flu hosp","2022-06-18","23","quantile",0.025,0
"2022-06-13","1 wk ahead inc flu hosp","2022-06-18","23","quantile",0.05,0
"2022-06-13","1 wk ahead inc flu hosp","2022-06-18","23","quantile",0.1,1
"2022-06-13","1 wk ahead inc flu hosp","2022-06-18","23","quantile",0.15,2
"2022-06-13","1 wk ahead inc flu hosp","2022-06-18","23","quantile",0.2,3
"2022-06-13","1 wk ahead inc flu hosp","2022-06-18","23","quantile",0.25,5
"2022-06-13","1 wk ahead inc flu hosp","2022-06-18","23","quantile",0.3,7
"2022-06-13","1 wk ahead inc flu hosp","2022-06-18","23","quantile",0.35,8
"2022-06-13","1 wk ahead inc flu hosp","2022-06-18","23","quantile",0.4,11
"2022-06-13","1 wk ahead inc flu hosp","2022-06-18","23","quantile",0.45,13
"2022-06-13","1 wk ahead inc flu hosp","2022-06-18","23","quantile",0.5,16
"2022-06-13","1 wk ahead inc flu hosp","2022-06-18","23","quantile",0.55,18
"2022-06-13","1 wk ahead inc flu hosp","2022-06-18","23","quantile",0.6,22
"2022-06-13","1 wk ahead inc flu hosp","2022-06-18","23","quantile",0.65,25
"2022-06-13","1 wk ahead inc flu hosp","2022-06-18","23","quantile",0.7,29
"2022-06-13","1 wk ahead inc flu hosp","2022-06-18","23","quantile",0.75,33
"2022-06-13","1 wk ahead inc flu hosp","2022-06-18","23","quantile",0.8,38
"2022-06-13","1 wk ahead inc flu hosp","2022-06-18","23","quantile",0.85,44
"2022-06-13","1 wk ahead inc flu hosp","2022-06-18","23","quantile",0.9,53
"2022-06-13","1 wk ahead inc flu hosp","2022-06-18","23","quantile",0.95,66
"2022-06-13","1 wk ahead inc flu hosp","2022-06-18","23","quantile",0.975,79
"2022-06-13","1 wk ahead inc flu hosp","2022-06-18","23","quantile",0.99,94
"2022-06-13","2 wk ahead inc flu hosp","2022-06-25","23","quantile",0.01,0
"2022-06-13","2 wk ahead inc flu hosp","2022-06-25","23","quantile",0.025,0
"2022-06-13","2 wk ahead inc flu hosp","2022-06-25","23","quantile",0.05,0
"2022-06-13","2 wk ahead inc flu hosp","2022-06-25","23","quantile",0.1,0
"2022-06-13","2 wk ahead inc flu hosp","2022-06-25","23","quantile",0.15,0
"2022-06-13","2 wk ahead inc flu hosp","2022-06-25","23","quantile",0.2,1
"2022-06-13","2 wk ahead inc flu hosp","2022-06-25","23","quantile",0.25,2
"2022-06-13","2 wk ahead inc flu hosp","2022-06-25","23","quantile",0.3,4
"2022-06-13","2 wk ahead inc flu hosp","2022-06-25","23","quantile",0.35,6
"2022-06-13","2 wk ahead inc flu hosp","2022-06-25","23","quantile",0.4,9
"2022-06-13","2 wk ahead inc flu hosp","2022-06-25","23","quantile",0.45,12
"2022-06-13","2 wk ahead inc flu hosp","2022-06-25","23","quantile",0.5,16
"2022-06-13","2 wk ahead inc flu hosp","2022-06-25","23","quantile",0.55,20
"2022-06-13","2 wk ahead inc flu hosp","2022-06-25","23","quantile",0.6,25
"2022-06-13","2 wk ahead inc flu hosp","2022-06-25","23","quantile",0.65,31
"2022-06-13","2 wk ahead inc flu hosp","2022-06-25","23","quantile",0.7,37
"2022-06-13","2 wk ahead inc flu hosp","2022-06-25","23","quantile",0.75,45
"2022-06-13","2 wk ahead inc flu hosp","2022-06-25","23","quantile",0.8,54
"2022-06-13","2 wk ahead inc flu hosp","2022-06-25","23","quantile",0.85,65
"2022-06-13","2 wk ahead inc flu hosp","2022-06-25","23","quantile",0.9,81
"2022-06-13","2 wk ahead inc flu hosp","2022-06-25","23","quantile",0.95,107
"2022-06-13","2 wk ahead inc flu hosp","2022-06-25","23","quantile",0.975,133
"2022-06-13","2 wk ahead inc flu hosp","2022-06-25","23","quantile",0.99,165
"2022-06-13","3 wk ahead inc flu hosp","2022-07-02","23","quantile",0.01,0
"2022-06-13","3 wk ahead inc flu hosp","2022-07-02","23","quantile",0.025,0
"2022-06-13","3 wk ahead inc flu hosp","2022-07-02","23","quantile",0.05,0
"2022-06-13","3 wk ahead inc flu hosp","2022-07-02","23","quantile",0.1,0
"2022-06-13","3 wk ahead inc flu hosp","2022-07-02","23","quantile",0.15,0
"2022-06-13","3 wk ahead inc flu hosp","2022-07-02","23","quantile",0.2,0
"2022-06-13","3 wk ahead inc flu hosp","2022-07-02","23","quantile",0.25,1
"2022-06-13","3 wk ahead inc flu hosp","2022-07-02","23","quantile",0.3,2
"2022-06-13","3 wk ahead inc flu hosp","2022-07-02","23","quantile",0.35,4
"2022-06-13","3 wk ahead inc flu hosp","2022-07-02","23","quantile",0.4,7
"2022-06-13","3 wk ahead inc flu hosp","2022-07-02","23","quantile",0.45,11
"2022-06-13","3 wk ahead inc flu hosp","2022-07-02","23","quantile",0.5,16
"2022-06-13","3 wk ahead inc flu hosp","2022-07-02","23","quantile",0.55,21
"2022-06-13","3 wk ahead inc flu hosp","2022-07-02","23","quantile",0.6,28
"2022-06-13","3 wk ahead inc flu hosp","2022-07-02","23","quantile",0.65,35
"2022-06-13","3 wk ahead inc flu hosp","2022-07-02","23","quantile",0.7,44
"2022-06-13","3 wk ahead inc flu hosp","2022-07-02","23","quantile",0.75,54
"2022-06-13","3 wk ahead inc flu hosp","2022-07-02","23","quantile",0.8,67
"2022-06-13","3 wk ahead inc flu hosp","2022-07-02","23","quantile",0.85,83
"2022-06-13","3 wk ahead inc flu hosp","2022-07-02","23","quantile",0.9,105
"2022-06-13","3 wk ahead inc flu hosp","2022-07-02","23","quantile",0.95,142
"2022-06-13","3 wk ahead inc flu hosp","2022-07-02","23","quantile",0.975,180
"2022-06-13","3 wk ahead inc flu hosp","2022-07-02","23","quantile",0.99,228
"2022-06-13","4 wk ahead inc flu hosp","2022-07-09","23","quantile",0.01,0
"2022-06-13","4 wk ahead inc flu hosp","2022-07-09","23","quantile",0.025,0
"2022-06-13","4 wk ahead inc flu hosp","2022-07-09","23","quantile",0.05,0
"2022-06-13","4 wk ahead inc flu hosp","2022-07-09","23","quantile",0.1,0
"2022-06-13","4 wk ahead inc flu hosp","2022-07-09","23","quantile",0.15,0
"2022-06-13","4 wk ahead inc flu hosp","2022-07-09","23","quantile",0.2,0
"2022-06-13","4 wk ahead inc flu hosp","2022-07-09","23","quantile",0.25,0
"2022-06-13","4 wk ahead inc flu hosp","2022-07-09","23","quantile",0.3,1
"2022-06-13","4 wk ahead inc flu hosp","2022-07-09","23","quantile",0.35,3
"2022-06-13","4 wk ahead inc flu hosp","2022-07-09","23","quantile",0.4,6
"2022-06-13","4 wk ahead inc flu hosp","2022-07-09","23","quantile",0.45,10
"2022-06-13","4 wk ahead inc flu hosp","2022-07-09","23","quantile",0.5,16
"2022-06-13","4 wk ahead inc flu hosp","2022-07-09","23","quantile",0.55,22
"2022-06-13","4 wk ahead inc flu hosp","2022-07-09","23","quantile",0.6,30
"2022-06-13","4 wk ahead inc flu hosp","2022-07-09","23","quantile",0.65,39
"2022-06-13","4 wk ahead inc flu hosp","2022-07-09","23","quantile",0.7,50
"2022-06-13","4 wk ahead inc flu hosp","2022-07-09","23","quantile",0.75,63
"2022-06-13","4 wk ahead inc flu hosp","2022-07-09","23","quantile",0.8,78
"2022-06-13","4 wk ahead inc flu hosp","2022-07-09","23","quantile",0.85,98
"2022-06-13","4 wk ahead inc flu hosp","2022-07-09","23","quantile",0.9,127
"2022-06-13","4 wk ahead inc flu hosp","2022-07-09","23","quantile",0.95,177
"2022-06-13","4 wk ahead inc flu hosp","2022-07-09","23","quantile",0.975,225
"2022-06-13","4 wk ahead inc flu hosp","2022-07-09","23","quantile",0.99,289
"2022-06-13","1 wk ahead inc flu hosp","2022-06-18","23","point",NA,16
"2022-06-13","2 wk ahead inc flu hosp","2022-06-25","23","point",NA,16
"2022-06-13","3 wk ahead inc flu hosp","2022-07-02","23","point",NA,16
"2022-06-13","4 wk ahead inc flu hosp","2022-07-09","23","point",NA,16
"2022-06-13","1 wk ahead inc flu hosp","2022-06-18","24","quantile",0.01,0
"2022-06-13","1 wk ahead inc flu hosp","2022-06-18","24","quantile",0.025,0
"2022-06-13","1 wk ahead inc flu hosp","2022-06-18","24","quantile",0.05,1
"2022-06-13","1 wk ahead inc flu hosp","2022-06-18","24","quantile",0.1,2
"2022-06-13","1 wk ahead inc flu hosp","2022-06-18","24","quantile",0.15,4
"2022-06-13","1 wk ahead inc flu hosp","2022-06-18","24","quantile",0.2,6
"2022-06-13","1 wk ahead inc flu hosp","2022-06-18","24","quantile",0.25,8
"2022-06-13","1 wk ahead inc flu hosp","2022-06-18","24","quantile",0.3,11
"2022-06-13","1 wk ahead inc flu hosp","2022-06-18","24","quantile",0.35,14
"2022-06-13","1 wk ahead inc flu hosp","2022-06-18","24","quantile",0.4,17
"2022-06-13","1 wk ahead inc flu hosp","2022-06-18","24","quantile",0.45,20
"2022-06-13","1 wk ahead inc flu hosp","2022-06-18","24","quantile",0.5,23
"2022-06-13","1 wk ahead inc flu hosp","2022-06-18","24","quantile",0.55,26
"2022-06-13","1 wk ahead inc flu hosp","2022-06-18","24","quantile",0.6,30
"2022-06-13","1 wk ahead inc flu hosp","2022-06-18","24","quantile",0.65,34
"2022-06-13","1 wk ahead inc flu hosp","2022-06-18","24","quantile",0.7,39
"2022-06-13","1 wk ahead inc flu hosp","2022-06-18","24","quantile",0.75,44
"2022-06-13","1 wk ahead inc flu hosp","2022-06-18","24","quantile",0.8,50
"2022-06-13","1 wk ahead inc flu hosp","2022-06-18","24","quantile",0.85,57
"2022-06-13","1 wk ahead inc flu hosp","2022-06-18","24","quantile",0.9,67
"2022-06-13","1 wk ahead inc flu hosp","2022-06-18","24","quantile",0.95,82
"2022-06-13","1 wk ahead inc flu hosp","2022-06-18","24","quantile",0.975,97
"2022-06-13","1 wk ahead inc flu hosp","2022-06-18","24","quantile",0.99,114
"2022-06-13","2 wk ahead inc flu hosp","2022-06-25","24","quantile",0.01,0
"2022-06-13","2 wk ahead inc flu hosp","2022-06-25","24","quantile",0.025,0
"2022-06-13","2 wk ahead inc flu hosp","2022-06-25","24","quantile",0.05,0
"2022-06-13","2 wk ahead inc flu hosp","2022-06-25","24","quantile",0.1,0
"2022-06-13","2 wk ahead inc flu hosp","2022-06-25","24","quantile",0.15,1
"2022-06-13","2 wk ahead inc flu hosp","2022-06-25","24","quantile",0.2,2
"2022-06-13","2 wk ahead inc flu hosp","2022-06-25","24","quantile",0.25,4
"2022-06-13","2 wk ahead inc flu hosp","2022-06-25","24","quantile",0.3,6
"2022-06-13","2 wk ahead inc flu hosp","2022-06-25","24","quantile",0.35,10
"2022-06-13","2 wk ahead inc flu hosp","2022-06-25","24","quantile",0.4,14
"2022-06-13","2 wk ahead inc flu hosp","2022-06-25","24","quantile",0.45,18
"2022-06-13","2 wk ahead inc flu hosp","2022-06-25","24","quantile",0.5,23
"2022-06-13","2 wk ahead inc flu hosp","2022-06-25","24","quantile",0.55,28
"2022-06-13","2 wk ahead inc flu hosp","2022-06-25","24","quantile",0.6,34
"2022-06-13","2 wk ahead inc flu hosp","2022-06-25","24","quantile",0.65,41
"2022-06-13","2 wk ahead inc flu hosp","2022-06-25","24","quantile",0.7,49
"2022-06-13","2 wk ahead inc flu hosp","2022-06-25","24","quantile",0.75,58
"2022-06-13","2 wk ahead inc flu hosp","2022-06-25","24","quantile",0.8,68
"2022-06-13","2 wk ahead inc flu hosp","2022-06-25","24","quantile",0.85,82
"2022-06-13","2 wk ahead inc flu hosp","2022-06-25","24","quantile",0.9,100
"2022-06-13","2 wk ahead inc flu hosp","2022-06-25","24","quantile",0.95,130
"2022-06-13","2 wk ahead inc flu hosp","2022-06-25","24","quantile",0.975,159
"2022-06-13","2 wk ahead inc flu hosp","2022-06-25","24","quantile",0.99,193
"2022-06-13","3 wk ahead inc flu hosp","2022-07-02","24","quantile",0.01,0
"2022-06-13","3 wk ahead inc flu hosp","2022-07-02","24","quantile",0.025,0
"2022-06-13","3 wk ahead inc flu hosp","2022-07-02","24","quantile",0.05,0
"2022-06-13","3 wk ahead inc flu hosp","2022-07-02","24","quantile",0.1,0
"2022-06-13","3 wk ahead inc flu hosp","2022-07-02","24","quantile",0.15,0
"2022-06-13","3 wk ahead inc flu hosp","2022-07-02","24","quantile",0.2,1
"2022-06-13","3 wk ahead inc flu hosp","2022-07-02","24","quantile",0.25,2
"2022-06-13","3 wk ahead inc flu hosp","2022-07-02","24","quantile",0.3,4
"2022-06-13","3 wk ahead inc flu hosp","2022-07-02","24","quantile",0.35,7
"2022-06-13","3 wk ahead inc flu hosp","2022-07-02","24","quantile",0.4,12
"2022-06-13","3 wk ahead inc flu hosp","2022-07-02","24","quantile",0.45,17
"2022-06-13","3 wk ahead inc flu hosp","2022-07-02","24","quantile",0.5,23
"2022-06-13","3 wk ahead inc flu hosp","2022-07-02","24","quantile",0.55,30
"2022-06-13","3 wk ahead inc flu hosp","2022-07-02","24","quantile",0.6,38
"2022-06-13","3 wk ahead inc flu hosp","2022-07-02","24","quantile",0.65,46
"2022-06-13","3 wk ahead inc flu hosp","2022-07-02","24","quantile",0.7,56
"2022-06-13","3 wk ahead inc flu hosp","2022-07-02","24","quantile",0.75,68
"2022-06-13","3 wk ahead inc flu hosp","2022-07-02","24","quantile",0.8,83
"2022-06-13","3 wk ahead inc flu hosp","2022-07-02","24","quantile",0.85,102
"2022-06-13","3 wk ahead inc flu hosp","2022-07-02","24","quantile",0.9,127
"2022-06-13","3 wk ahead inc flu hosp","2022-07-02","24","quantile",0.95,170
"2022-06-13","3 wk ahead inc flu hosp","2022-07-02","24","quantile",0.975,210
"2022-06-13","3 wk ahead inc flu hosp","2022-07-02","24","quantile",0.99,264
"2022-06-13","4 wk ahead inc flu hosp","2022-07-09","24","quantile",0.01,0
"2022-06-13","4 wk ahead inc flu hosp","2022-07-09","24","quantile",0.025,0
"2022-06-13","4 wk ahead inc flu hosp","2022-07-09","24","quantile",0.05,0
"2022-06-13","4 wk ahead inc flu hosp","2022-07-09","24","quantile",0.1,0
"2022-06-13","4 wk ahead inc flu hosp","2022-07-09","24","quantile",0.15,0
"2022-06-13","4 wk ahead inc flu hosp","2022-07-09","24","quantile",0.2,0
"2022-06-13","4 wk ahead inc flu hosp","2022-07-09","24","quantile",0.25,1
"2022-06-13","4 wk ahead inc flu hosp","2022-07-09","24","quantile",0.3,2
"2022-06-13","4 wk ahead inc flu hosp","2022-07-09","24","quantile",0.35,5
"2022-06-13","4 wk ahead inc flu hosp","2022-07-09","24","quantile",0.4,10
"2022-06-13","4 wk ahead inc flu hosp","2022-07-09","24","quantile",0.45,16
"2022-06-13","4 wk ahead inc flu hosp","2022-07-09","24","quantile",0.5,23
"2022-06-13","4 wk ahead inc flu hosp","2022-07-09","24","quantile",0.55,31
"2022-06-13","4 wk ahead inc flu hosp","2022-07-09","24","quantile",0.6,40
"2022-06-13","4 wk ahead inc flu hosp","2022-07-09","24","quantile",0.65,51
"2022-06-13","4 wk ahead inc flu hosp","2022-07-09","24","quantile",0.7,63
"2022-06-13","4 wk ahead inc flu hosp","2022-07-09","24","quantile",0.75,78
"2022-06-13","4 wk ahead inc flu hosp","2022-07-09","24","quantile",0.8,96
"2022-06-13","4 wk ahead inc flu hosp","2022-07-09","24","quantile",0.85,120
"2022-06-13","4 wk ahead inc flu hosp","2022-07-09","24","quantile",0.9,152
"2022-06-13","4 wk ahead inc flu hosp","2022-07-09","24","quantile",0.95,207
"2022-06-13","4 wk ahead inc flu hosp","2022-07-09","24","quantile",0.975,262
"2022-06-13","4 wk ahead inc flu hosp","2022-07-09","24","quantile",0.99,331
"2022-06-13","1 wk ahead inc flu hosp","2022-06-18","24","point",NA,23
"2022-06-13","2 wk ahead inc flu hosp","2022-06-25","24","point",NA,23
"2022-06-13","3 wk ahead inc flu hosp","2022-07-02","24","point",NA,23
"2022-06-13","4 wk ahead inc flu hosp","2022-07-09","24","point",NA,23
"2022-06-13","1 wk ahead inc flu hosp","2022-06-18","25","quantile",0.01,2
"2022-06-13","1 wk ahead inc flu hosp","2022-06-18","25","quantile",0.025,5
"2022-06-13","1 wk ahead inc flu hosp","2022-06-18","25","quantile",0.05,8
"2022-06-13","1 wk ahead inc flu hosp","2022-06-18","25","quantile",0.1,13
"2022-06-13","1 wk ahead inc flu hosp","2022-06-18","25","quantile",0.15,17
"2022-06-13","1 wk ahead inc flu hosp","2022-06-18","25","quantile",0.2,21
"2022-06-13","1 wk ahead inc flu hosp","2022-06-18","25","quantile",0.25,25
"2022-06-13","1 wk ahead inc flu hosp","2022-06-18","25","quantile",0.3,29
"2022-06-13","1 wk ahead inc flu hosp","2022-06-18","25","quantile",0.35,32
"2022-06-13","1 wk ahead inc flu hosp","2022-06-18","25","quantile",0.4,36
"2022-06-13","1 wk ahead inc flu hosp","2022-06-18","25","quantile",0.45,40
"2022-06-13","1 wk ahead inc flu hosp","2022-06-18","25","quantile",0.5,43
"2022-06-13","1 wk ahead inc flu hosp","2022-06-18","25","quantile",0.55,47
"2022-06-13","1 wk ahead inc flu hosp","2022-06-18","25","quantile",0.6,51
"2022-06-13","1 wk ahead inc flu hosp","2022-06-18","25","quantile",0.65,56
"2022-06-13","1 wk ahead inc flu hosp","2022-06-18","25","quantile",0.7,61
"2022-06-13","1 wk ahead inc flu hosp","2022-06-18","25","quantile",0.75,66
"2022-06-13","1 wk ahead inc flu hosp","2022-06-18","25","quantile",0.8,72
"2022-06-13","1 wk ahead inc flu hosp","2022-06-18","25","quantile",0.85,80
"2022-06-13","1 wk ahead inc flu hosp","2022-06-18","25","quantile",0.9,90
"2022-06-13","1 wk ahead inc flu hosp","2022-06-18","25","quantile",0.95,105
"2022-06-13","1 wk ahead inc flu hosp","2022-06-18","25","quantile",0.975,120
"2022-06-13","1 wk ahead inc flu hosp","2022-06-18","25","quantile",0.99,136
"2022-06-13","2 wk ahead inc flu hosp","2022-06-25","25","quantile",0.01,0
"2022-06-13","2 wk ahead inc flu hosp","2022-06-25","25","quantile",0.025,0
"2022-06-13","2 wk ahead inc flu hosp","2022-06-25","25","quantile",0.05,1
"2022-06-13","2 wk ahead inc flu hosp","2022-06-25","25","quantile",0.1,4
"2022-06-13","2 wk ahead inc flu hosp","2022-06-25","25","quantile",0.15,8
"2022-06-13","2 wk ahead inc flu hosp","2022-06-25","25","quantile",0.2,12
"2022-06-13","2 wk ahead inc flu hosp","2022-06-25","25","quantile",0.25,17
"2022-06-13","2 wk ahead inc flu hosp","2022-06-25","25","quantile",0.3,22
"2022-06-13","2 wk ahead inc flu hosp","2022-06-25","25","quantile",0.35,27
"2022-06-13","2 wk ahead inc flu hosp","2022-06-25","25","quantile",0.4,32
"2022-06-13","2 wk ahead inc flu hosp","2022-06-25","25","quantile",0.45,38
"2022-06-13","2 wk ahead inc flu hosp","2022-06-25","25","quantile",0.5,43
"2022-06-13","2 wk ahead inc flu hosp","2022-06-25","25","quantile",0.55,50
"2022-06-13","2 wk ahead inc flu hosp","2022-06-25","25","quantile",0.6,56
"2022-06-13","2 wk ahead inc flu hosp","2022-06-25","25","quantile",0.65,63
"2022-06-13","2 wk ahead inc flu hosp","2022-06-25","25","quantile",0.7,71
"2022-06-13","2 wk ahead inc flu hosp","2022-06-25","25","quantile",0.75,80
"2022-06-13","2 wk ahead inc flu hosp","2022-06-25","25","quantile",0.8,91
"2022-06-13","2 wk ahead inc flu hosp","2022-06-25","25","quantile",0.85,104
"2022-06-13","2 wk ahead inc flu hosp","2022-06-25","25","quantile",0.9,122
"2022-06-13","2 wk ahead inc flu hosp","2022-06-25","25","quantile",0.95,151
"2022-06-13","2 wk ahead inc flu hosp","2022-06-25","25","quantile",0.975,177
"2022-06-13","2 wk ahead inc flu hosp","2022-06-25","25","quantile",0.99,210
"2022-06-13","3 wk ahead inc flu hosp","2022-07-02","25","quantile",0.01,0
"2022-06-13","3 wk ahead inc flu hosp","2022-07-02","25","quantile",0.025,0
"2022-06-13","3 wk ahead inc flu hosp","2022-07-02","25","quantile",0.05,0
"2022-06-13","3 wk ahead inc flu hosp","2022-07-02","25","quantile",0.1,1
"2022-06-13","3 wk ahead inc flu hosp","2022-07-02","25","quantile",0.15,3
"2022-06-13","3 wk ahead inc flu hosp","2022-07-02","25","quantile",0.2,7
"2022-06-13","3 wk ahead inc flu hosp","2022-07-02","25","quantile",0.25,12
"2022-06-13","3 wk ahead inc flu hosp","2022-07-02","25","quantile",0.3,17
"2022-06-13","3 wk ahead inc flu hosp","2022-07-02","25","quantile",0.35,23
"2022-06-13","3 wk ahead inc flu hosp","2022-07-02","25","quantile",0.4,30
"2022-06-13","3 wk ahead inc flu hosp","2022-07-02","25","quantile",0.45,36
"2022-06-13","3 wk ahead inc flu hosp","2022-07-02","25","quantile",0.5,43
"2022-06-13","3 wk ahead inc flu hosp","2022-07-02","25","quantile",0.55,51
"2022-06-13","3 wk ahead inc flu hosp","2022-07-02","25","quantile",0.6,60
"2022-06-13","3 wk ahead inc flu hosp","2022-07-02","25","quantile",0.65,69
"2022-06-13","3 wk ahead inc flu hosp","2022-07-02","25","quantile",0.7,80
"2022-06-13","3 wk ahead inc flu hosp","2022-07-02","25","quantile",0.75,91
"2022-06-13","3 wk ahead inc flu hosp","2022-07-02","25","quantile",0.8,106
"2022-06-13","3 wk ahead inc flu hosp","2022-07-02","25","quantile",0.85,124
"2022-06-13","3 wk ahead inc flu hosp","2022-07-02","25","quantile",0.9,148
"2022-06-13","3 wk ahead inc flu hosp","2022-07-02","25","quantile",0.95,187
"2022-06-13","3 wk ahead inc flu hosp","2022-07-02","25","quantile",0.975,226
"2022-06-13","3 wk ahead inc flu hosp","2022-07-02","25","quantile",0.99,274
"2022-06-13","4 wk ahead inc flu hosp","2022-07-09","25","quantile",0.01,0
"2022-06-13","4 wk ahead inc flu hosp","2022-07-09","25","quantile",0.025,0
"2022-06-13","4 wk ahead inc flu hosp","2022-07-09","25","quantile",0.05,0
"2022-06-13","4 wk ahead inc flu hosp","2022-07-09","25","quantile",0.1,0
"2022-06-13","4 wk ahead inc flu hosp","2022-07-09","25","quantile",0.15,1
"2022-06-13","4 wk ahead inc flu hosp","2022-07-09","25","quantile",0.2,4
"2022-06-13","4 wk ahead inc flu hosp","2022-07-09","25","quantile",0.25,9
"2022-06-13","4 wk ahead inc flu hosp","2022-07-09","25","quantile",0.3,14
"2022-06-13","4 wk ahead inc flu hosp","2022-07-09","25","quantile",0.35,21
"2022-06-13","4 wk ahead inc flu hosp","2022-07-09","25","quantile",0.4,27
"2022-06-13","4 wk ahead inc flu hosp","2022-07-09","25","quantile",0.45,35
"2022-06-13","4 wk ahead inc flu hosp","2022-07-09","25","quantile",0.5,44
"2022-06-13","4 wk ahead inc flu hosp","2022-07-09","25","quantile",0.55,53
"2022-06-13","4 wk ahead inc flu hosp","2022-07-09","25","quantile",0.6,62
"2022-06-13","4 wk ahead inc flu hosp","2022-07-09","25","quantile",0.65,73
"2022-06-13","4 wk ahead inc flu hosp","2022-07-09","25","quantile",0.7,86
"2022-06-13","4 wk ahead inc flu hosp","2022-07-09","25","quantile",0.75,100
"2022-06-13","4 wk ahead inc flu hosp","2022-07-09","25","quantile",0.8,118
"2022-06-13","4 wk ahead inc flu hosp","2022-07-09","25","quantile",0.85,141
"2022-06-13","4 wk ahead inc flu hosp","2022-07-09","25","quantile",0.9,171
"2022-06-13","4 wk ahead inc flu hosp","2022-07-09","25","quantile",0.95,221
"2022-06-13","4 wk ahead inc flu hosp","2022-07-09","25","quantile",0.975,271
"2022-06-13","4 wk ahead inc flu hosp","2022-07-09","25","quantile",0.99,332
"2022-06-13","1 wk ahead inc flu hosp","2022-06-18","25","point",NA,43
"2022-06-13","2 wk ahead inc flu hosp","2022-06-25","25","point",NA,43
"2022-06-13","3 wk ahead inc flu hosp","2022-07-02","25","point",NA,43
"2022-06-13","4 wk ahead inc flu hosp","2022-07-09","25","point",NA,44
"2022-06-13","1 wk ahead inc flu hosp","2022-06-18","26","quantile",0.01,0
"2022-06-13","1 wk ahead inc flu hosp","2022-06-18","26","quantile",0.025,0
"2022-06-13","1 wk ahead inc flu hosp","2022-06-18","26","quantile",0.05,0
"2022-06-13","1 wk ahead inc flu hosp","2022-06-18","26","quantile",0.1,2
"2022-06-13","1 wk ahead inc flu hosp","2022-06-18","26","quantile",0.15,5
"2022-06-13","1 wk ahead inc flu hosp","2022-06-18","26","quantile",0.2,9
"2022-06-13","1 wk ahead inc flu hosp","2022-06-18","26","quantile",0.25,13
"2022-06-13","1 wk ahead inc flu hosp","2022-06-18","26","quantile",0.3,19
"2022-06-13","1 wk ahead inc flu hosp","2022-06-18","26","quantile",0.35,25
"2022-06-13","1 wk ahead inc flu hosp","2022-06-18","26","quantile",0.4,32
"2022-06-13","1 wk ahead inc flu hosp","2022-06-18","26","quantile",0.45,39
"2022-06-13","1 wk ahead inc flu hosp","2022-06-18","26","quantile",0.5,48
"2022-06-13","1 wk ahead inc flu hosp","2022-06-18","26","quantile",0.55,57
"2022-06-13","1 wk ahead inc flu hosp","2022-06-18","26","quantile",0.6,67
"2022-06-13","1 wk ahead inc flu hosp","2022-06-18","26","quantile",0.65,79
"2022-06-13","1 wk ahead inc flu hosp","2022-06-18","26","quantile",0.7,91
"2022-06-13","1 wk ahead inc flu hosp","2022-06-18","26","quantile",0.75,107
"2022-06-13","1 wk ahead inc flu hosp","2022-06-18","26","quantile",0.8,125
"2022-06-13","1 wk ahead inc flu hosp","2022-06-18","26","quantile",0.85,148
"2022-06-13","1 wk ahead inc flu hosp","2022-06-18","26","quantile",0.9,179
"2022-06-13","1 wk ahead inc flu hosp","2022-06-18","26","quantile",0.95,231
"2022-06-13","1 wk ahead inc flu hosp","2022-06-18","26","quantile",0.975,281
"2022-06-13","1 wk ahead inc flu hosp","2022-06-18","26","quantile",0.99,342
"2022-06-13","2 wk ahead inc flu hosp","2022-06-25","26","quantile",0.01,0
"2022-06-13","2 wk ahead inc flu hosp","2022-06-25","26","quantile",0.025,0
"2022-06-13","2 wk ahead inc flu hosp","2022-06-25","26","quantile",0.05,0
"2022-06-13","2 wk ahead inc flu hosp","2022-06-25","26","quantile",0.1,0
"2022-06-13","2 wk ahead inc flu hosp","2022-06-25","26","quantile",0.15,0
"2022-06-13","2 wk ahead inc flu hosp","2022-06-25","26","quantile",0.2,2
"2022-06-13","2 wk ahead inc flu hosp","2022-06-25","26","quantile",0.25,5
"2022-06-13","2 wk ahead inc flu hosp","2022-06-25","26","quantile",0.3,10
"2022-06-13","2 wk ahead inc flu hosp","2022-06-25","26","quantile",0.35,17
"2022-06-13","2 wk ahead inc flu hosp","2022-06-25","26","quantile",0.4,25
"2022-06-13","2 wk ahead inc flu hosp","2022-06-25","26","quantile",0.45,36
"2022-06-13","2 wk ahead inc flu hosp","2022-06-25","26","quantile",0.5,48
"2022-06-13","2 wk ahead inc flu hosp","2022-06-25","26","quantile",0.55,62
"2022-06-13","2 wk ahead inc flu hosp","2022-06-25","26","quantile",0.6,79
"2022-06-13","2 wk ahead inc flu hosp","2022-06-25","26","quantile",0.65,99
"2022-06-13","2 wk ahead inc flu hosp","2022-06-25","26","quantile",0.7,122
"2022-06-13","2 wk ahead inc flu hosp","2022-06-25","26","quantile",0.75,149
"2022-06-13","2 wk ahead inc flu hosp","2022-06-25","26","quantile",0.8,183
"2022-06-13","2 wk ahead inc flu hosp","2022-06-25","26","quantile",0.85,226
"2022-06-13","2 wk ahead inc flu hosp","2022-06-25","26","quantile",0.9,288
"2022-06-13","2 wk ahead inc flu hosp","2022-06-25","26","quantile",0.95,389
"2022-06-13","2 wk ahead inc flu hosp","2022-06-25","26","quantile",0.975,486
"2022-06-13","2 wk ahead inc flu hosp","2022-06-25","26","quantile",0.99,620
"2022-06-13","3 wk ahead inc flu hosp","2022-07-02","26","quantile",0.01,0
"2022-06-13","3 wk ahead inc flu hosp","2022-07-02","26","quantile",0.025,0
"2022-06-13","3 wk ahead inc flu hosp","2022-07-02","26","quantile",0.05,0
"2022-06-13","3 wk ahead inc flu hosp","2022-07-02","26","quantile",0.1,0
"2022-06-13","3 wk ahead inc flu hosp","2022-07-02","26","quantile",0.15,0
"2022-06-13","3 wk ahead inc flu hosp","2022-07-02","26","quantile",0.2,0
"2022-06-13","3 wk ahead inc flu hosp","2022-07-02","26","quantile",0.25,2
"2022-06-13","3 wk ahead inc flu hosp","2022-07-02","26","quantile",0.3,5
"2022-06-13","3 wk ahead inc flu hosp","2022-07-02","26","quantile",0.35,12
"2022-06-13","3 wk ahead inc flu hosp","2022-07-02","26","quantile",0.4,21
"2022-06-13","3 wk ahead inc flu hosp","2022-07-02","26","quantile",0.45,33
"2022-06-13","3 wk ahead inc flu hosp","2022-07-02","26","quantile",0.5,48
"2022-06-13","3 wk ahead inc flu hosp","2022-07-02","26","quantile",0.55,66
"2022-06-13","3 wk ahead inc flu hosp","2022-07-02","26","quantile",0.6,89
"2022-06-13","3 wk ahead inc flu hosp","2022-07-02","26","quantile",0.65,115
"2022-06-13","3 wk ahead inc flu hosp","2022-07-02","26","quantile",0.7,145
"2022-06-13","3 wk ahead inc flu hosp","2022-07-02","26","quantile",0.75,183
"2022-06-13","3 wk ahead inc flu hosp","2022-07-02","26","quantile",0.8,230
"2022-06-13","3 wk ahead inc flu hosp","2022-07-02","26","quantile",0.85,291
"2022-06-13","3 wk ahead inc flu hosp","2022-07-02","26","quantile",0.9,378
"2022-06-13","3 wk ahead inc flu hosp","2022-07-02","26","quantile",0.95,525
"2022-06-13","3 wk ahead inc flu hosp","2022-07-02","26","quantile",0.975,675
"2022-06-13","3 wk ahead inc flu hosp","2022-07-02","26","quantile",0.99,874
"2022-06-13","4 wk ahead inc flu hosp","2022-07-09","26","quantile",0.01,0
"2022-06-13","4 wk ahead inc flu hosp","2022-07-09","26","quantile",0.025,0
"2022-06-13","4 wk ahead inc flu hosp","2022-07-09","26","quantile",0.05,0
"2022-06-13","4 wk ahead inc flu hosp","2022-07-09","26","quantile",0.1,0
"2022-06-13","4 wk ahead inc flu hosp","2022-07-09","26","quantile",0.15,0
"2022-06-13","4 wk ahead inc flu hosp","2022-07-09","26","quantile",0.2,0
"2022-06-13","4 wk ahead inc flu hosp","2022-07-09","26","quantile",0.25,0
"2022-06-13","4 wk ahead inc flu hosp","2022-07-09","26","quantile",0.3,3
"2022-06-13","4 wk ahead inc flu hosp","2022-07-09","26","quantile",0.35,8
"2022-06-13","4 wk ahead inc flu hosp","2022-07-09","26","quantile",0.4,18
"2022-06-13","4 wk ahead inc flu hosp","2022-07-09","26","quantile",0.45,31
"2022-06-13","4 wk ahead inc flu hosp","2022-07-09","26","quantile",0.5,48
"2022-06-13","4 wk ahead inc flu hosp","2022-07-09","26","quantile",0.55,70
"2022-06-13","4 wk ahead inc flu hosp","2022-07-09","26","quantile",0.6,96
"2022-06-13","4 wk ahead inc flu hosp","2022-07-09","26","quantile",0.65,129
"2022-06-13","4 wk ahead inc flu hosp","2022-07-09","26","quantile",0.7,168
"2022-06-13","4 wk ahead inc flu hosp","2022-07-09","26","quantile",0.75,215
"2022-06-13","4 wk ahead inc flu hosp","2022-07-09","26","quantile",0.8,274
"2022-06-13","4 wk ahead inc flu hosp","2022-07-09","26","quantile",0.85,352
"2022-06-13","4 wk ahead inc flu hosp","2022-07-09","26","quantile",0.9,462
"2022-06-13","4 wk ahead inc flu hosp","2022-07-09","26","quantile",0.95,658
"2022-06-13","4 wk ahead inc flu hosp","2022-07-09","26","quantile",0.975,848
"2022-06-13","4 wk ahead inc flu hosp","2022-07-09","26","quantile",0.99,1102
"2022-06-13","1 wk ahead inc flu hosp","2022-06-18","26","point",NA,48
"2022-06-13","2 wk ahead inc flu hosp","2022-06-25","26","point",NA,48
"2022-06-13","3 wk ahead inc flu hosp","2022-07-02","26","point",NA,48
"2022-06-13","4 wk ahead inc flu hosp","2022-07-09","26","point",NA,48
"2022-06-13","1 wk ahead inc flu hosp","2022-06-18","27","quantile",0.01,0
"2022-06-13","1 wk ahead inc flu hosp","2022-06-18","27","quantile",0.025,0
"2022-06-13","1 wk ahead inc flu hosp","2022-06-18","27","quantile",0.05,0
"2022-06-13","1 wk ahead inc flu hosp","2022-06-18","27","quantile",0.1,0
"2022-06-13","1 wk ahead inc flu hosp","2022-06-18","27","quantile",0.15,0
"2022-06-13","1 wk ahead inc flu hosp","2022-06-18","27","quantile",0.2,1
"2022-06-13","1 wk ahead inc flu hosp","2022-06-18","27","quantile",0.25,2
"2022-06-13","1 wk ahead inc flu hosp","2022-06-18","27","quantile",0.3,3
"2022-06-13","1 wk ahead inc flu hosp","2022-06-18","27","quantile",0.35,4
"2022-06-13","1 wk ahead inc flu hosp","2022-06-18","27","quantile",0.4,6
"2022-06-13","1 wk ahead inc flu hosp","2022-06-18","27","quantile",0.45,7
"2022-06-13","1 wk ahead inc flu hosp","2022-06-18","27","quantile",0.5,9
"2022-06-13","1 wk ahead inc flu hosp","2022-06-18","27","quantile",0.55,11
"2022-06-13","1 wk ahead inc flu hosp","2022-06-18","27","quantile",0.6,13
"2022-06-13","1 wk ahead inc flu hosp","2022-06-18","27","quantile",0.65,16
"2022-06-13","1 wk ahead inc flu hosp","2022-06-18","27","quantile",0.7,19
"2022-06-13","1 wk ahead inc flu hosp","2022-06-18","27","quantile",0.75,23
"2022-06-13","1 wk ahead inc flu hosp","2022-06-18","27","quantile",0.8,27
"2022-06-13","1 wk ahead inc flu hosp","2022-06-18","27","quantile",0.85,33
"2022-06-13","1 wk ahead inc flu hosp","2022-06-18","27","quantile",0.9,41
"2022-06-13","1 wk ahead inc flu hosp","2022-06-18","27","quantile",0.95,55
"2022-06-13","1 wk ahead inc flu hosp","2022-06-18","27","quantile",0.975,68
"2022-06-13","1 wk ahead inc flu hosp","2022-06-18","27","quantile",0.99,85
"2022-06-13","2 wk ahead inc flu hosp","2022-06-25","27","quantile",0.01,0
"2022-06-13","2 wk ahead inc flu hosp","2022-06-25","27","quantile",0.025,0
"2022-06-13","2 wk ahead inc flu hosp","2022-06-25","27","quantile",0.05,0
"2022-06-13","2 wk ahead inc flu hosp","2022-06-25","27","quantile",0.1,0
"2022-06-13","2 wk ahead inc flu hosp","2022-06-25","27","quantile",0.15,0
"2022-06-13","2 wk ahead inc flu hosp","2022-06-25","27","quantile",0.2,0
"2022-06-13","2 wk ahead inc flu hosp","2022-06-25","27","quantile",0.25,0
"2022-06-13","2 wk ahead inc flu hosp","2022-06-25","27","quantile",0.3,1
"2022-06-13","2 wk ahead inc flu hosp","2022-06-25","27","quantile",0.35,2
"2022-06-13","2 wk ahead inc flu hosp","2022-06-25","27","quantile",0.4,4
"2022-06-13","2 wk ahead inc flu hosp","2022-06-25","27","quantile",0.45,6
"2022-06-13","2 wk ahead inc flu hosp","2022-06-25","27","quantile",0.5,9
"2022-06-13","2 wk ahead inc flu hosp","2022-06-25","27","quantile",0.55,13
"2022-06-13","2 wk ahead inc flu hosp","2022-06-25","27","quantile",0.6,17
"2022-06-13","2 wk ahead inc flu hosp","2022-06-25","27","quantile",0.65,21
"2022-06-13","2 wk ahead inc flu hosp","2022-06-25","27","quantile",0.7,27
"2022-06-13","2 wk ahead inc flu hosp","2022-06-25","27","quantile",0.75,34
"2022-06-13","2 wk ahead inc flu hosp","2022-06-25","27","quantile",0.8,42
"2022-06-13","2 wk ahead inc flu hosp","2022-06-25","27","quantile",0.85,52
"2022-06-13","2 wk ahead inc flu hosp","2022-06-25","27","quantile",0.9,67
"2022-06-13","2 wk ahead inc flu hosp","2022-06-25","27","quantile",0.95,93
"2022-06-13","2 wk ahead inc flu hosp","2022-06-25","27","quantile",0.975,118
"2022-06-13","2 wk ahead inc flu hosp","2022-06-25","27","quantile",0.99,153
"2022-06-13","3 wk ahead inc flu hosp","2022-07-02","27","quantile",0.01,0
"2022-06-13","3 wk ahead inc flu hosp","2022-07-02","27","quantile",0.025,0
"2022-06-13","3 wk ahead inc flu hosp","2022-07-02","27","quantile",0.05,0
"2022-06-13","3 wk ahead inc flu hosp","2022-07-02","27","quantile",0.1,0
"2022-06-13","3 wk ahead inc flu hosp","2022-07-02","27","quantile",0.15,0
"2022-06-13","3 wk ahead inc flu hosp","2022-07-02","27","quantile",0.2,0
"2022-06-13","3 wk ahead inc flu hosp","2022-07-02","27","quantile",0.25,0
"2022-06-13","3 wk ahead inc flu hosp","2022-07-02","27","quantile",0.3,1
"2022-06-13","3 wk ahead inc flu hosp","2022-07-02","27","quantile",0.35,2
"2022-06-13","3 wk ahead inc flu hosp","2022-07-02","27","quantile",0.4,3
"2022-06-13","3 wk ahead inc flu hosp","2022-07-02","27","quantile",0.45,6
"2022-06-13","3 wk ahead inc flu hosp","2022-07-02","27","quantile",0.5,9
"2022-06-13","3 wk ahead inc flu hosp","2022-07-02","27","quantile",0.55,14
"2022-06-13","3 wk ahead inc flu hosp","2022-07-02","27","quantile",0.6,19
"2022-06-13","3 wk ahead inc flu hosp","2022-07-02","27","quantile",0.65,25
"2022-06-13","3 wk ahead inc flu hosp","2022-07-02","27","quantile",0.7,33
"2022-06-13","3 wk ahead inc flu hosp","2022-07-02","27","quantile",0.75,42
"2022-06-13","3 wk ahead inc flu hosp","2022-07-02","27","quantile",0.8,53
"2022-06-13","3 wk ahead inc flu hosp","2022-07-02","27","quantile",0.85,68
"2022-06-13","3 wk ahead inc flu hosp","2022-07-02","27","quantile",0.9,90
"2022-06-13","3 wk ahead inc flu hosp","2022-07-02","27","quantile",0.95,126
"2022-06-13","3 wk ahead inc flu hosp","2022-07-02","27","quantile",0.975,163
"2022-06-13","3 wk ahead inc flu hosp","2022-07-02","27","quantile",0.99,211
"2022-06-13","4 wk ahead inc flu hosp","2022-07-09","27","quantile",0.01,0
"2022-06-13","4 wk ahead inc flu hosp","2022-07-09","27","quantile",0.025,0
"2022-06-13","4 wk ahead inc flu hosp","2022-07-09","27","quantile",0.05,0
"2022-06-13","4 wk ahead inc flu hosp","2022-07-09","27","quantile",0.1,0
"2022-06-13","4 wk ahead inc flu hosp","2022-07-09","27","quantile",0.15,0
"2022-06-13","4 wk ahead inc flu hosp","2022-07-09","27","quantile",0.2,0
"2022-06-13","4 wk ahead inc flu hosp","2022-07-09","27","quantile",0.25,0
"2022-06-13","4 wk ahead inc flu hosp","2022-07-09","27","quantile",0.3,0
"2022-06-13","4 wk ahead inc flu hosp","2022-07-09","27","quantile",0.35,1
"2022-06-13","4 wk ahead inc flu hosp","2022-07-09","27","quantile",0.4,3
"2022-06-13","4 wk ahead inc flu hosp","2022-07-09","27","quantile",0.45,5
"2022-06-13","4 wk ahead inc flu hosp","2022-07-09","27","quantile",0.5,9
"2022-06-13","4 wk ahead inc flu hosp","2022-07-09","27","quantile",0.55,15
"2022-06-13","4 wk ahead inc flu hosp","2022-07-09","27","quantile",0.6,21
"2022-06-13","4 wk ahead inc flu hosp","2022-07-09","27","quantile",0.65,29
"2022-06-13","4 wk ahead inc flu hosp","2022-07-09","27","quantile",0.7,39
"2022-06-13","4 wk ahead inc flu hosp","2022-07-09","27","quantile",0.75,50
"2022-06-13","4 wk ahead inc flu hosp","2022-07-09","27","quantile",0.8,64
"2022-06-13","4 wk ahead inc flu hosp","2022-07-09","27","quantile",0.85,83
"2022-06-13","4 wk ahead inc flu hosp","2022-07-09","27","quantile",0.9,111
"2022-06-13","4 wk ahead inc flu hosp","2022-07-09","27","quantile",0.95,158
"2022-06-13","4 wk ahead inc flu hosp","2022-07-09","27","quantile",0.975,206
"2022-06-13","4 wk ahead inc flu hosp","2022-07-09","27","quantile",0.99,268
"2022-06-13","1 wk ahead inc flu hosp","2022-06-18","27","point",NA,9
"2022-06-13","2 wk ahead inc flu hosp","2022-06-25","27","point",NA,9
"2022-06-13","3 wk ahead inc flu hosp","2022-07-02","27","point",NA,9
"2022-06-13","4 wk ahead inc flu hosp","2022-07-09","27","point",NA,9
"2022-06-13","1 wk ahead inc flu hosp","2022-06-18","28","quantile",0.01,0
"2022-06-13","1 wk ahead inc flu hosp","2022-06-18","28","quantile",0.025,0
"2022-06-13","1 wk ahead inc flu hosp","2022-06-18","28","quantile",0.05,1
"2022-06-13","1 wk ahead inc flu hosp","2022-06-18","28","quantile",0.1,2
"2022-06-13","1 wk ahead inc flu hosp","2022-06-18","28","quantile",0.15,3
"2022-06-13","1 wk ahead inc flu hosp","2022-06-18","28","quantile",0.2,5
"2022-06-13","1 wk ahead inc flu hosp","2022-06-18","28","quantile",0.25,6
"2022-06-13","1 wk ahead inc flu hosp","2022-06-18","28","quantile",0.3,8
"2022-06-13","1 wk ahead inc flu hosp","2022-06-18","28","quantile",0.35,10
"2022-06-13","1 wk ahead inc flu hosp","2022-06-18","28","quantile",0.4,11
"2022-06-13","1 wk ahead inc flu hosp","2022-06-18","28","quantile",0.45,13
"2022-06-13","1 wk ahead inc flu hosp","2022-06-18","28","quantile",0.5,15
"2022-06-13","1 wk ahead inc flu hosp","2022-06-18","28","quantile",0.55,17
"2022-06-13","1 wk ahead inc flu hosp","2022-06-18","28","quantile",0.6,19
"2022-06-13","1 wk ahead inc flu hosp","2022-06-18","28","quantile",0.65,21
"2022-06-13","1 wk ahead inc flu hosp","2022-06-18","28","quantile",0.7,24
"2022-06-13","1 wk ahead inc flu hosp","2022-06-18","28","quantile",0.75,27
"2022-06-13","1 wk ahead inc flu hosp","2022-06-18","28","quantile",0.8,30
"2022-06-13","1 wk ahead inc flu hosp","2022-06-18","28","quantile",0.85,34
"2022-06-13","1 wk ahead inc flu hosp","2022-06-18","28","quantile",0.9,40
"2022-06-13","1 wk ahead inc flu hosp","2022-06-18","28","quantile",0.95,49
"2022-06-13","1 wk ahead inc flu hosp","2022-06-18","28","quantile",0.975,57
"2022-06-13","1 wk ahead inc flu hosp","2022-06-18","28","quantile",0.99,68
"2022-06-13","2 wk ahead inc flu hosp","2022-06-25","28","quantile",0.01,0
"2022-06-13","2 wk ahead inc flu hosp","2022-06-25","28","quantile",0.025,0
"2022-06-13","2 wk ahead inc flu hosp","2022-06-25","28","quantile",0.05,0
"2022-06-13","2 wk ahead inc flu hosp","2022-06-25","28","quantile",0.1,0
"2022-06-13","2 wk ahead inc flu hosp","2022-06-25","28","quantile",0.15,1
"2022-06-13","2 wk ahead inc flu hosp","2022-06-25","28","quantile",0.2,2
"2022-06-13","2 wk ahead inc flu hosp","2022-06-25","28","quantile",0.25,3
"2022-06-13","2 wk ahead inc flu hosp","2022-06-25","28","quantile",0.3,5
"2022-06-13","2 wk ahead inc flu hosp","2022-06-25","28","quantile",0.35,7
"2022-06-13","2 wk ahead inc flu hosp","2022-06-25","28","quantile",0.4,10
"2022-06-13","2 wk ahead inc flu hosp","2022-06-25","28","quantile",0.45,12
"2022-06-13","2 wk ahead inc flu hosp","2022-06-25","28","quantile",0.5,15
"2022-06-13","2 wk ahead inc flu hosp","2022-06-25","28","quantile",0.55,18
"2022-06-13","2 wk ahead inc flu hosp","2022-06-25","28","quantile",0.6,22
"2022-06-13","2 wk ahead inc flu hosp","2022-06-25","28","quantile",0.65,25
"2022-06-13","2 wk ahead inc flu hosp","2022-06-25","28","quantile",0.7,29
"2022-06-13","2 wk ahead inc flu hosp","2022-06-25","28","quantile",0.75,34
"2022-06-13","2 wk ahead inc flu hosp","2022-06-25","28","quantile",0.8,40
"2022-06-13","2 wk ahead inc flu hosp","2022-06-25","28","quantile",0.85,47
"2022-06-13","2 wk ahead inc flu hosp","2022-06-25","28","quantile",0.9,57
"2022-06-13","2 wk ahead inc flu hosp","2022-06-25","28","quantile",0.95,73
"2022-06-13","2 wk ahead inc flu hosp","2022-06-25","28","quantile",0.975,89
"2022-06-13","2 wk ahead inc flu hosp","2022-06-25","28","quantile",0.99,109
"2022-06-13","3 wk ahead inc flu hosp","2022-07-02","28","quantile",0.01,0
"2022-06-13","3 wk ahead inc flu hosp","2022-07-02","28","quantile",0.025,0
"2022-06-13","3 wk ahead inc flu hosp","2022-07-02","28","quantile",0.05,0
"2022-06-13","3 wk ahead inc flu hosp","2022-07-02","28","quantile",0.1,0
"2022-06-13","3 wk ahead inc flu hosp","2022-07-02","28","quantile",0.15,0
"2022-06-13","3 wk ahead inc flu hosp","2022-07-02","28","quantile",0.2,1
"2022-06-13","3 wk ahead inc flu hosp","2022-07-02","28","quantile",0.25,2
"2022-06-13","3 wk ahead inc flu hosp","2022-07-02","28","quantile",0.3,3
"2022-06-13","3 wk ahead inc flu hosp","2022-07-02","28","quantile",0.35,6
"2022-06-13","3 wk ahead inc flu hosp","2022-07-02","28","quantile",0.4,8
"2022-06-13","3 wk ahead inc flu hosp","2022-07-02","28","quantile",0.45,12
"2022-06-13","3 wk ahead inc flu hosp","2022-07-02","28","quantile",0.5,15
"2022-06-13","3 wk ahead inc flu hosp","2022-07-02","28","quantile",0.55,19
"2022-06-13","3 wk ahead inc flu hosp","2022-07-02","28","quantile",0.6,24
"2022-06-13","3 wk ahead inc flu hosp","2022-07-02","28","quantile",0.65,29
"2022-06-13","3 wk ahead inc flu hosp","2022-07-02","28","quantile",0.7,34
"2022-06-13","3 wk ahead inc flu hosp","2022-07-02","28","quantile",0.75,41
"2022-06-13","3 wk ahead inc flu hosp","2022-07-02","28","quantile",0.8,48
"2022-06-13","3 wk ahead inc flu hosp","2022-07-02","28","quantile",0.85,58
"2022-06-13","3 wk ahead inc flu hosp","2022-07-02","28","quantile",0.9,72
"2022-06-13","3 wk ahead inc flu hosp","2022-07-02","28","quantile",0.95,94
"2022-06-13","3 wk ahead inc flu hosp","2022-07-02","28","quantile",0.975,117
"2022-06-13","3 wk ahead inc flu hosp","2022-07-02","28","quantile",0.99,146
"2022-06-13","4 wk ahead inc flu hosp","2022-07-09","28","quantile",0.01,0
"2022-06-13","4 wk ahead inc flu hosp","2022-07-09","28","quantile",0.025,0
"2022-06-13","4 wk ahead inc flu hosp","2022-07-09","28","quantile",0.05,0
"2022-06-13","4 wk ahead inc flu hosp","2022-07-09","28","quantile",0.1,0
"2022-06-13","4 wk ahead inc flu hosp","2022-07-09","28","quantile",0.15,0
"2022-06-13","4 wk ahead inc flu hosp","2022-07-09","28","quantile",0.2,0
"2022-06-13","4 wk ahead inc flu hosp","2022-07-09","28","quantile",0.25,1
"2022-06-13","4 wk ahead inc flu hosp","2022-07-09","28","quantile",0.3,2
"2022-06-13","4 wk ahead inc flu hosp","2022-07-09","28","quantile",0.35,4
"2022-06-13","4 wk ahead inc flu hosp","2022-07-09","28","quantile",0.4,7
"2022-06-13","4 wk ahead inc flu hosp","2022-07-09","28","quantile",0.45,11
"2022-06-13","4 wk ahead inc flu hosp","2022-07-09","28","quantile",0.5,15
"2022-06-13","4 wk ahead inc flu hosp","2022-07-09","28","quantile",0.55,20
"2022-06-13","4 wk ahead inc flu hosp","2022-07-09","28","quantile",0.6,25
"2022-06-13","4 wk ahead inc flu hosp","2022-07-09","28","quantile",0.65,31
"2022-06-13","4 wk ahead inc flu hosp","2022-07-09","28","quantile",0.7,38
"2022-06-13","4 wk ahead inc flu hosp","2022-07-09","28","quantile",0.75,46
"2022-06-13","4 wk ahead inc flu hosp","2022-07-09","28","quantile",0.8,56
"2022-06-13","4 wk ahead inc flu hosp","2022-07-09","28","quantile",0.85,68
"2022-06-13","4 wk ahead inc flu hosp","2022-07-09","28","quantile",0.9,85
"2022-06-13","4 wk ahead inc flu hosp","2022-07-09","28","quantile",0.95,113
"2022-06-13","4 wk ahead inc flu hosp","2022-07-09","28","quantile",0.975,142
"2022-06-13","4 wk ahead inc flu hosp","2022-07-09","28","quantile",0.99,178
"2022-06-13","1 wk ahead inc flu hosp","2022-06-18","28","point",NA,15
"2022-06-13","2 wk ahead inc flu hosp","2022-06-25","28","point",NA,15
"2022-06-13","3 wk ahead inc flu hosp","2022-07-02","28","point",NA,15
"2022-06-13","4 wk ahead inc flu hosp","2022-07-09","28","point",NA,15
"2022-06-13","1 wk ahead inc flu hosp","2022-06-18","29","quantile",0.01,0
"2022-06-13","1 wk ahead inc flu hosp","2022-06-18","29","quantile",0.025,0
"2022-06-13","1 wk ahead inc flu hosp","2022-06-18","29","quantile",0.05,1
"2022-06-13","1 wk ahead inc flu hosp","2022-06-18","29","quantile",0.1,2
"2022-06-13","1 wk ahead inc flu hosp","2022-06-18","29","quantile",0.15,4
"2022-06-13","1 wk ahead inc flu hosp","2022-06-18","29","quantile",0.2,6
"2022-06-13","1 wk ahead inc flu hosp","2022-06-18","29","quantile",0.25,8
"2022-06-13","1 wk ahead inc flu hosp","2022-06-18","29","quantile",0.3,11
"2022-06-13","1 wk ahead inc flu hosp","2022-06-18","29","quantile",0.35,14
"2022-06-13","1 wk ahead inc flu hosp","2022-06-18","29","quantile",0.4,17
"2022-06-13","1 wk ahead inc flu hosp","2022-06-18","29","quantile",0.45,20
"2022-06-13","1 wk ahead inc flu hosp","2022-06-18","29","quantile",0.5,23
"2022-06-13","1 wk ahead inc flu hosp","2022-06-18","29","quantile",0.55,26
"2022-06-13","1 wk ahead inc flu hosp","2022-06-18","29","quantile",0.6,30
"2022-06-13","1 wk ahead inc flu hosp","2022-06-18","29","quantile",0.65,34
"2022-06-13","1 wk ahead inc flu hosp","2022-06-18","29","quantile",0.7,38
"2022-06-13","1 wk ahead inc flu hosp","2022-06-18","29","quantile",0.75,44
"2022-06-13","1 wk ahead inc flu hosp","2022-06-18","29","quantile",0.8,50
"2022-06-13","1 wk ahead inc flu hosp","2022-06-18","29","quantile",0.85,57
"2022-06-13","1 wk ahead inc flu hosp","2022-06-18","29","quantile",0.9,67
"2022-06-13","1 wk ahead inc flu hosp","2022-06-18","29","quantile",0.95,83
"2022-06-13","1 wk ahead inc flu hosp","2022-06-18","29","quantile",0.975,97
"2022-06-13","1 wk ahead inc flu hosp","2022-06-18","29","quantile",0.99,115
"2022-06-13","2 wk ahead inc flu hosp","2022-06-25","29","quantile",0.01,0
"2022-06-13","2 wk ahead inc flu hosp","2022-06-25","29","quantile",0.025,0
"2022-06-13","2 wk ahead inc flu hosp","2022-06-25","29","quantile",0.05,0
"2022-06-13","2 wk ahead inc flu hosp","2022-06-25","29","quantile",0.1,0
"2022-06-13","2 wk ahead inc flu hosp","2022-06-25","29","quantile",0.15,1
"2022-06-13","2 wk ahead inc flu hosp","2022-06-25","29","quantile",0.2,2
"2022-06-13","2 wk ahead inc flu hosp","2022-06-25","29","quantile",0.25,4
"2022-06-13","2 wk ahead inc flu hosp","2022-06-25","29","quantile",0.3,7
"2022-06-13","2 wk ahead inc flu hosp","2022-06-25","29","quantile",0.35,10
"2022-06-13","2 wk ahead inc flu hosp","2022-06-25","29","quantile",0.4,14
"2022-06-13","2 wk ahead inc flu hosp","2022-06-25","29","quantile",0.45,18
"2022-06-13","2 wk ahead inc flu hosp","2022-06-25","29","quantile",0.5,23
"2022-06-13","2 wk ahead inc flu hosp","2022-06-25","29","quantile",0.55,28
"2022-06-13","2 wk ahead inc flu hosp","2022-06-25","29","quantile",0.6,34
"2022-06-13","2 wk ahead inc flu hosp","2022-06-25","29","quantile",0.65,41
"2022-06-13","2 wk ahead inc flu hosp","2022-06-25","29","quantile",0.7,49
"2022-06-13","2 wk ahead inc flu hosp","2022-06-25","29","quantile",0.75,58
"2022-06-13","2 wk ahead inc flu hosp","2022-06-25","29","quantile",0.8,68
"2022-06-13","2 wk ahead inc flu hosp","2022-06-25","29","quantile",0.85,82
"2022-06-13","2 wk ahead inc flu hosp","2022-06-25","29","quantile",0.9,100
"2022-06-13","2 wk ahead inc flu hosp","2022-06-25","29","quantile",0.95,131
"2022-06-13","2 wk ahead inc flu hosp","2022-06-25","29","quantile",0.975,160
"2022-06-13","2 wk ahead inc flu hosp","2022-06-25","29","quantile",0.99,197
"2022-06-13","3 wk ahead inc flu hosp","2022-07-02","29","quantile",0.01,0
"2022-06-13","3 wk ahead inc flu hosp","2022-07-02","29","quantile",0.025,0
"2022-06-13","3 wk ahead inc flu hosp","2022-07-02","29","quantile",0.05,0
"2022-06-13","3 wk ahead inc flu hosp","2022-07-02","29","quantile",0.1,0
"2022-06-13","3 wk ahead inc flu hosp","2022-07-02","29","quantile",0.15,0
"2022-06-13","3 wk ahead inc flu hosp","2022-07-02","29","quantile",0.2,1
"2022-06-13","3 wk ahead inc flu hosp","2022-07-02","29","quantile",0.25,2
"2022-06-13","3 wk ahead inc flu hosp","2022-07-02","29","quantile",0.3,4
"2022-06-13","3 wk ahead inc flu hosp","2022-07-02","29","quantile",0.35,7
"2022-06-13","3 wk ahead inc flu hosp","2022-07-02","29","quantile",0.4,12
"2022-06-13","3 wk ahead inc flu hosp","2022-07-02","29","quantile",0.45,17
"2022-06-13","3 wk ahead inc flu hosp","2022-07-02","29","quantile",0.5,23
"2022-06-13","3 wk ahead inc flu hosp","2022-07-02","29","quantile",0.55,30
"2022-06-13","3 wk ahead inc flu hosp","2022-07-02","29","quantile",0.6,38
"2022-06-13","3 wk ahead inc flu hosp","2022-07-02","29","quantile",0.65,46
"2022-06-13","3 wk ahead inc flu hosp","2022-07-02","29","quantile",0.7,56
"2022-06-13","3 wk ahead inc flu hosp","2022-07-02","29","quantile",0.75,68
"2022-06-13","3 wk ahead inc flu hosp","2022-07-02","29","quantile",0.8,83
"2022-06-13","3 wk ahead inc flu hosp","2022-07-02","29","quantile",0.85,102
"2022-06-13","3 wk ahead inc flu hosp","2022-07-02","29","quantile",0.9,128
"2022-06-13","3 wk ahead inc flu hosp","2022-07-02","29","quantile",0.95,172
"2022-06-13","3 wk ahead inc flu hosp","2022-07-02","29","quantile",0.975,215
"2022-06-13","3 wk ahead inc flu hosp","2022-07-02","29","quantile",0.99,270
"2022-06-13","4 wk ahead inc flu hosp","2022-07-09","29","quantile",0.01,0
"2022-06-13","4 wk ahead inc flu hosp","2022-07-09","29","quantile",0.025,0
"2022-06-13","4 wk ahead inc flu hosp","2022-07-09","29","quantile",0.05,0
"2022-06-13","4 wk ahead inc flu hosp","2022-07-09","29","quantile",0.1,0
"2022-06-13","4 wk ahead inc flu hosp","2022-07-09","29","quantile",0.15,0
"2022-06-13","4 wk ahead inc flu hosp","2022-07-09","29","quantile",0.2,0
"2022-06-13","4 wk ahead inc flu hosp","2022-07-09","29","quantile",0.25,1
"2022-06-13","4 wk ahead inc flu hosp","2022-07-09","29","quantile",0.3,3
"2022-06-13","4 wk ahead inc flu hosp","2022-07-09","29","quantile",0.35,6
"2022-06-13","4 wk ahead inc flu hosp","2022-07-09","29","quantile",0.4,10
"2022-06-13","4 wk ahead inc flu hosp","2022-07-09","29","quantile",0.45,16
"2022-06-13","4 wk ahead inc flu hosp","2022-07-09","29","quantile",0.5,23
"2022-06-13","4 wk ahead inc flu hosp","2022-07-09","29","quantile",0.55,31
"2022-06-13","4 wk ahead inc flu hosp","2022-07-09","29","quantile",0.6,40
"2022-06-13","4 wk ahead inc flu hosp","2022-07-09","29","quantile",0.65,51
"2022-06-13","4 wk ahead inc flu hosp","2022-07-09","29","quantile",0.7,64
"2022-06-13","4 wk ahead inc flu hosp","2022-07-09","29","quantile",0.75,78
"2022-06-13","4 wk ahead inc flu hosp","2022-07-09","29","quantile",0.8,97
"2022-06-13","4 wk ahead inc flu hosp","2022-07-09","29","quantile",0.85,121
"2022-06-13","4 wk ahead inc flu hosp","2022-07-09","29","quantile",0.9,154
"2022-06-13","4 wk ahead inc flu hosp","2022-07-09","29","quantile",0.95,210
"2022-06-13","4 wk ahead inc flu hosp","2022-07-09","29","quantile",0.975,266
"2022-06-13","4 wk ahead inc flu hosp","2022-07-09","29","quantile",0.99,337
"2022-06-13","1 wk ahead inc flu hosp","2022-06-18","29","point",NA,23
"2022-06-13","2 wk ahead inc flu hosp","2022-06-25","29","point",NA,23
"2022-06-13","3 wk ahead inc flu hosp","2022-07-02","29","point",NA,23
"2022-06-13","4 wk ahead inc flu hosp","2022-07-09","29","point",NA,23
"2022-06-13","1 wk ahead inc flu hosp","2022-06-18","30","quantile",0.01,0
"2022-06-13","1 wk ahead inc flu hosp","2022-06-18","30","quantile",0.025,0
"2022-06-13","1 wk ahead inc flu hosp","2022-06-18","30","quantile",0.05,0
"2022-06-13","1 wk ahead inc flu hosp","2022-06-18","30","quantile",0.1,1
"2022-06-13","1 wk ahead inc flu hosp","2022-06-18","30","quantile",0.15,1
"2022-06-13","1 wk ahead inc flu hosp","2022-06-18","30","quantile",0.2,2
"2022-06-13","1 wk ahead inc flu hosp","2022-06-18","30","quantile",0.25,4
"2022-06-13","1 wk ahead inc flu hosp","2022-06-18","30","quantile",0.3,6
"2022-06-13","1 wk ahead inc flu hosp","2022-06-18","30","quantile",0.35,8
"2022-06-13","1 wk ahead inc flu hosp","2022-06-18","30","quantile",0.4,11
"2022-06-13","1 wk ahead inc flu hosp","2022-06-18","30","quantile",0.45,13
"2022-06-13","1 wk ahead inc flu hosp","2022-06-18","30","quantile",0.5,17
"2022-06-13","1 wk ahead inc flu hosp","2022-06-18","30","quantile",0.55,20
"2022-06-13","1 wk ahead inc flu hosp","2022-06-18","30","quantile",0.6,24
"2022-06-13","1 wk ahead inc flu hosp","2022-06-18","30","quantile",0.65,29
"2022-06-13","1 wk ahead inc flu hosp","2022-06-18","30","quantile",0.7,34
"2022-06-13","1 wk ahead inc flu hosp","2022-06-18","30","quantile",0.75,40
"2022-06-13","1 wk ahead inc flu hosp","2022-06-18","30","quantile",0.8,47
"2022-06-13","1 wk ahead inc flu hosp","2022-06-18","30","quantile",0.85,57
"2022-06-13","1 wk ahead inc flu hosp","2022-06-18","30","quantile",0.9,69
"2022-06-13","1 wk ahead inc flu hosp","2022-06-18","30","quantile",0.95,89
"2022-06-13","1 wk ahead inc flu hosp","2022-06-18","30","quantile",0.975,108
"2022-06-13","1 wk ahead inc flu hosp","2022-06-18","30","quantile",0.99,132
"2022-06-13","2 wk ahead inc flu hosp","2022-06-25","30","quantile",0.01,0
"2022-06-13","2 wk ahead inc flu hosp","2022-06-25","30","quantile",0.025,0
"2022-06-13","2 wk ahead inc flu hosp","2022-06-25","30","quantile",0.05,0
"2022-06-13","2 wk ahead inc flu hosp","2022-06-25","30","quantile",0.1,0
"2022-06-13","2 wk ahead inc flu hosp","2022-06-25","30","quantile",0.15,0
"2022-06-13","2 wk ahead inc flu hosp","2022-06-25","30","quantile",0.2,0
"2022-06-13","2 wk ahead inc flu hosp","2022-06-25","30","quantile",0.25,1
"2022-06-13","2 wk ahead inc flu hosp","2022-06-25","30","quantile",0.3,3
"2022-06-13","2 wk ahead inc flu hosp","2022-06-25","30","quantile",0.35,5
"2022-06-13","2 wk ahead inc flu hosp","2022-06-25","30","quantile",0.4,8
"2022-06-13","2 wk ahead inc flu hosp","2022-06-25","30","quantile",0.45,12
"2022-06-13","2 wk ahead inc flu hosp","2022-06-25","30","quantile",0.5,17
"2022-06-13","2 wk ahead inc flu hosp","2022-06-25","30","quantile",0.55,23
"2022-06-13","2 wk ahead inc flu hosp","2022-06-25","30","quantile",0.6,30
"2022-06-13","2 wk ahead inc flu hosp","2022-06-25","30","quantile",0.65,37
"2022-06-13","2 wk ahead inc flu hosp","2022-06-25","30","quantile",0.7,47
"2022-06-13","2 wk ahead inc flu hosp","2022-06-25","30","quantile",0.75,57
"2022-06-13","2 wk ahead inc flu hosp","2022-06-25","30","quantile",0.8,70
"2022-06-13","2 wk ahead inc flu hosp","2022-06-25","30","quantile",0.85,88
"2022-06-13","2 wk ahead inc flu hosp","2022-06-25","30","quantile",0.9,112
"2022-06-13","2 wk ahead inc flu hosp","2022-06-25","30","quantile",0.95,152
"2022-06-13","2 wk ahead inc flu hosp","2022-06-25","30","quantile",0.975,191
"2022-06-13","2 wk ahead inc flu hosp","2022-06-25","30","quantile",0.99,239
"2022-06-13","3 wk ahead inc flu hosp","2022-07-02","30","quantile",0.01,0
"2022-06-13","3 wk ahead inc flu hosp","2022-07-02","30","quantile",0.025,0
"2022-06-13","3 wk ahead inc flu hosp","2022-07-02","30","quantile",0.05,0
"2022-06-13","3 wk ahead inc flu hosp","2022-07-02","30","quantile",0.1,0
"2022-06-13","3 wk ahead inc flu hosp","2022-07-02","30","quantile",0.15,0
"2022-06-13","3 wk ahead inc flu hosp","2022-07-02","30","quantile",0.2,0
"2022-06-13","3 wk ahead inc flu hosp","2022-07-02","30","quantile",0.25,0
"2022-06-13","3 wk ahead inc flu hosp","2022-07-02","30","quantile",0.3,1
"2022-06-13","3 wk ahead inc flu hosp","2022-07-02","30","quantile",0.35,3
"2022-06-13","3 wk ahead inc flu hosp","2022-07-02","30","quantile",0.4,6
"2022-06-13","3 wk ahead inc flu hosp","2022-07-02","30","quantile",0.45,11
"2022-06-13","3 wk ahead inc flu hosp","2022-07-02","30","quantile",0.5,17
"2022-06-13","3 wk ahead inc flu hosp","2022-07-02","30","quantile",0.55,24
"2022-06-13","3 wk ahead inc flu hosp","2022-07-02","30","quantile",0.6,33
"2022-06-13","3 wk ahead inc flu hosp","2022-07-02","30","quantile",0.65,44
"2022-06-13","3 wk ahead inc flu hosp","2022-07-02","30","quantile",0.7,56
"2022-06-13","3 wk ahead inc flu hosp","2022-07-02","30","quantile",0.75,71
"2022-06-13","3 wk ahead inc flu hosp","2022-07-02","30","quantile",0.8,90
"2022-06-13","3 wk ahead inc flu hosp","2022-07-02","30","quantile",0.85,115
"2022-06-13","3 wk ahead inc flu hosp","2022-07-02","30","quantile",0.9,149
"2022-06-13","3 wk ahead inc flu hosp","2022-07-02","30","quantile",0.95,208
"2022-06-13","3 wk ahead inc flu hosp","2022-07-02","30","quantile",0.975,265
"2022-06-13","3 wk ahead inc flu hosp","2022-07-02","30","quantile",0.99,340
"2022-06-13","4 wk ahead inc flu hosp","2022-07-09","30","quantile",0.01,0
"2022-06-13","4 wk ahead inc flu hosp","2022-07-09","30","quantile",0.025,0
"2022-06-13","4 wk ahead inc flu hosp","2022-07-09","30","quantile",0.05,0
"2022-06-13","4 wk ahead inc flu hosp","2022-07-09","30","quantile",0.1,0
"2022-06-13","4 wk ahead inc flu hosp","2022-07-09","30","quantile",0.15,0
"2022-06-13","4 wk ahead inc flu hosp","2022-07-09","30","quantile",0.2,0
"2022-06-13","4 wk ahead inc flu hosp","2022-07-09","30","quantile",0.25,0
"2022-06-13","4 wk ahead inc flu hosp","2022-07-09","30","quantile",0.3,1
"2022-06-13","4 wk ahead inc flu hosp","2022-07-09","30","quantile",0.35,2
"2022-06-13","4 wk ahead inc flu hosp","2022-07-09","30","quantile",0.4,5
"2022-06-13","4 wk ahead inc flu hosp","2022-07-09","30","quantile",0.45,10
"2022-06-13","4 wk ahead inc flu hosp","2022-07-09","30","quantile",0.5,17
"2022-06-13","4 wk ahead inc flu hosp","2022-07-09","30","quantile",0.55,26
"2022-06-13","4 wk ahead inc flu hosp","2022-07-09","30","quantile",0.6,37
"2022-06-13","4 wk ahead inc flu hosp","2022-07-09","30","quantile",0.65,50
"2022-06-13","4 wk ahead inc flu hosp","2022-07-09","30","quantile",0.7,65
"2022-06-13","4 wk ahead inc flu hosp","2022-07-09","30","quantile",0.75,85
"2022-06-13","4 wk ahead inc flu hosp","2022-07-09","30","quantile",0.8,108
"2022-06-13","4 wk ahead inc flu hosp","2022-07-09","30","quantile",0.85,139
"2022-06-13","4 wk ahead inc flu hosp","2022-07-09","30","quantile",0.9,185
"2022-06-13","4 wk ahead inc flu hosp","2022-07-09","30","quantile",0.95,261
"2022-06-13","4 wk ahead inc flu hosp","2022-07-09","30","quantile",0.975,335
"2022-06-13","4 wk ahead inc flu hosp","2022-07-09","30","quantile",0.99,437
"2022-06-13","1 wk ahead inc flu hosp","2022-06-18","30","point",NA,17
"2022-06-13","2 wk ahead inc flu hosp","2022-06-25","30","point",NA,17
"2022-06-13","3 wk ahead inc flu hosp","2022-07-02","30","point",NA,17
"2022-06-13","4 wk ahead inc flu hosp","2022-07-09","30","point",NA,17
"2022-06-13","1 wk ahead inc flu hosp","2022-06-18","31","quantile",0.01,0
"2022-06-13","1 wk ahead inc flu hosp","2022-06-18","31","quantile",0.025,0
"2022-06-13","1 wk ahead inc flu hosp","2022-06-18","31","quantile",0.05,0
"2022-06-13","1 wk ahead inc flu hosp","2022-06-18","31","quantile",0.1,0
"2022-06-13","1 wk ahead inc flu hosp","2022-06-18","31","quantile",0.15,0
"2022-06-13","1 wk ahead inc flu hosp","2022-06-18","31","quantile",0.2,1
"2022-06-13","1 wk ahead inc flu hosp","2022-06-18","31","quantile",0.25,2
"2022-06-13","1 wk ahead inc flu hosp","2022-06-18","31","quantile",0.3,3
"2022-06-13","1 wk ahead inc flu hosp","2022-06-18","31","quantile",0.35,4
"2022-06-13","1 wk ahead inc flu hosp","2022-06-18","31","quantile",0.4,6
"2022-06-13","1 wk ahead inc flu hosp","2022-06-18","31","quantile",0.45,8
"2022-06-13","1 wk ahead inc flu hosp","2022-06-18","31","quantile",0.5,11
"2022-06-13","1 wk ahead inc flu hosp","2022-06-18","31","quantile",0.55,14
"2022-06-13","1 wk ahead inc flu hosp","2022-06-18","31","quantile",0.6,17
"2022-06-13","1 wk ahead inc flu hosp","2022-06-18","31","quantile",0.65,21
"2022-06-13","1 wk ahead inc flu hosp","2022-06-18","31","quantile",0.7,26
"2022-06-13","1 wk ahead inc flu hosp","2022-06-18","31","quantile",0.75,32
"2022-06-13","1 wk ahead inc flu hosp","2022-06-18","31","quantile",0.8,39
"2022-06-13","1 wk ahead inc flu hosp","2022-06-18","31","quantile",0.85,48
"2022-06-13","1 wk ahead inc flu hosp","2022-06-18","31","quantile",0.9,61
"2022-06-13","1 wk ahead inc flu hosp","2022-06-18","31","quantile",0.95,82
"2022-06-13","1 wk ahead inc flu hosp","2022-06-18","31","quantile",0.975,102
"2022-06-13","1 wk ahead inc flu hosp","2022-06-18","31","quantile",0.99,128
"2022-06-13","2 wk ahead inc flu hosp","2022-06-25","31","quantile",0.01,0
"2022-06-13","2 wk ahead inc flu hosp","2022-06-25","31","quantile",0.025,0
"2022-06-13","2 wk ahead inc flu hosp","2022-06-25","31","quantile",0.05,0
"2022-06-13","2 wk ahead inc flu hosp","2022-06-25","31","quantile",0.1,0
"2022-06-13","2 wk ahead inc flu hosp","2022-06-25","31","quantile",0.15,0
"2022-06-13","2 wk ahead inc flu hosp","2022-06-25","31","quantile",0.2,0
"2022-06-13","2 wk ahead inc flu hosp","2022-06-25","31","quantile",0.25,0
"2022-06-13","2 wk ahead inc flu hosp","2022-06-25","31","quantile",0.3,1
"2022-06-13","2 wk ahead inc flu hosp","2022-06-25","31","quantile",0.35,2
"2022-06-13","2 wk ahead inc flu hosp","2022-06-25","31","quantile",0.4,4
"2022-06-13","2 wk ahead inc flu hosp","2022-06-25","31","quantile",0.45,7
"2022-06-13","2 wk ahead inc flu hosp","2022-06-25","31","quantile",0.5,11
"2022-06-13","2 wk ahead inc flu hosp","2022-06-25","31","quantile",0.55,16
"2022-06-13","2 wk ahead inc flu hosp","2022-06-25","31","quantile",0.6,22
"2022-06-13","2 wk ahead inc flu hosp","2022-06-25","31","quantile",0.65,29
"2022-06-13","2 wk ahead inc flu hosp","2022-06-25","31","quantile",0.7,38
"2022-06-13","2 wk ahead inc flu hosp","2022-06-25","31","quantile",0.75,49
"2022-06-13","2 wk ahead inc flu hosp","2022-06-25","31","quantile",0.8,62
"2022-06-13","2 wk ahead inc flu hosp","2022-06-25","31","quantile",0.85,80
"2022-06-13","2 wk ahead inc flu hosp","2022-06-25","31","quantile",0.9,105
"2022-06-13","2 wk ahead inc flu hosp","2022-06-25","31","quantile",0.95,146
"2022-06-13","2 wk ahead inc flu hosp","2022-06-25","31","quantile",0.975,190
"2022-06-13","2 wk ahead inc flu hosp","2022-06-25","31","quantile",0.99,245
"2022-06-13","3 wk ahead inc flu hosp","2022-07-02","31","quantile",0.01,0
"2022-06-13","3 wk ahead inc flu hosp","2022-07-02","31","quantile",0.025,0
"2022-06-13","3 wk ahead inc flu hosp","2022-07-02","31","quantile",0.05,0
"2022-06-13","3 wk ahead inc flu hosp","2022-07-02","31","quantile",0.1,0
"2022-06-13","3 wk ahead inc flu hosp","2022-07-02","31","quantile",0.15,0
"2022-06-13","3 wk ahead inc flu hosp","2022-07-02","31","quantile",0.2,0
"2022-06-13","3 wk ahead inc flu hosp","2022-07-02","31","quantile",0.25,0
"2022-06-13","3 wk ahead inc flu hosp","2022-07-02","31","quantile",0.3,0
"2022-06-13","3 wk ahead inc flu hosp","2022-07-02","31","quantile",0.35,1
"2022-06-13","3 wk ahead inc flu hosp","2022-07-02","31","quantile",0.4,3
"2022-06-13","3 wk ahead inc flu hosp","2022-07-02","31","quantile",0.45,6
"2022-06-13","3 wk ahead inc flu hosp","2022-07-02","31","quantile",0.5,11
"2022-06-13","3 wk ahead inc flu hosp","2022-07-02","31","quantile",0.55,17
"2022-06-13","3 wk ahead inc flu hosp","2022-07-02","31","quantile",0.6,25
"2022-06-13","3 wk ahead inc flu hosp","2022-07-02","31","quantile",0.65,35
"2022-06-13","3 wk ahead inc flu hosp","2022-07-02","31","quantile",0.7,47
"2022-06-13","3 wk ahead inc flu hosp","2022-07-02","31","quantile",0.75,62
"2022-06-13","3 wk ahead inc flu hosp","2022-07-02","31","quantile",0.8,82
"2022-06-13","3 wk ahead inc flu hosp","2022-07-02","31","quantile",0.85,106
"2022-06-13","3 wk ahead inc flu hosp","2022-07-02","31","quantile",0.9,143
"2022-06-13","3 wk ahead inc flu hosp","2022-07-02","31","quantile",0.95,206
"2022-06-13","3 wk ahead inc flu hosp","2022-07-02","31","quantile",0.975,271
"2022-06-13","3 wk ahead inc flu hosp","2022-07-02","31","quantile",0.99,358
"2022-06-13","4 wk ahead inc flu hosp","2022-07-09","31","quantile",0.01,0
"2022-06-13","4 wk ahead inc flu hosp","2022-07-09","31","quantile",0.025,0
"2022-06-13","4 wk ahead inc flu hosp","2022-07-09","31","quantile",0.05,0
"2022-06-13","4 wk ahead inc flu hosp","2022-07-09","31","quantile",0.1,0
"2022-06-13","4 wk ahead inc flu hosp","2022-07-09","31","quantile",0.15,0
"2022-06-13","4 wk ahead inc flu hosp","2022-07-09","31","quantile",0.2,0
"2022-06-13","4 wk ahead inc flu hosp","2022-07-09","31","quantile",0.25,0
"2022-06-13","4 wk ahead inc flu hosp","2022-07-09","31","quantile",0.3,0
"2022-06-13","4 wk ahead inc flu hosp","2022-07-09","31","quantile",0.35,1
"2022-06-13","4 wk ahead inc flu hosp","2022-07-09","31","quantile",0.4,2
"2022-06-13","4 wk ahead inc flu hosp","2022-07-09","31","quantile",0.45,6
"2022-06-13","4 wk ahead inc flu hosp","2022-07-09","31","quantile",0.5,11
"2022-06-13","4 wk ahead inc flu hosp","2022-07-09","31","quantile",0.55,19
"2022-06-13","4 wk ahead inc flu hosp","2022-07-09","31","quantile",0.6,29
"2022-06-13","4 wk ahead inc flu hosp","2022-07-09","31","quantile",0.65,41
"2022-06-13","4 wk ahead inc flu hosp","2022-07-09","31","quantile",0.7,56
"2022-06-13","4 wk ahead inc flu hosp","2022-07-09","31","quantile",0.75,76
"2022-06-13","4 wk ahead inc flu hosp","2022-07-09","31","quantile",0.8,100
"2022-06-13","4 wk ahead inc flu hosp","2022-07-09","31","quantile",0.85,133
"2022-06-13","4 wk ahead inc flu hosp","2022-07-09","31","quantile",0.9,180
"2022-06-13","4 wk ahead inc flu hosp","2022-07-09","31","quantile",0.95,263
"2022-06-13","4 wk ahead inc flu hosp","2022-07-09","31","quantile",0.975,346
"2022-06-13","4 wk ahead inc flu hosp","2022-07-09","31","quantile",0.99,462
"2022-06-13","1 wk ahead inc flu hosp","2022-06-18","31","point",NA,11
"2022-06-13","2 wk ahead inc flu hosp","2022-06-25","31","point",NA,11
"2022-06-13","3 wk ahead inc flu hosp","2022-07-02","31","point",NA,11
"2022-06-13","4 wk ahead inc flu hosp","2022-07-09","31","point",NA,11
"2022-06-13","1 wk ahead inc flu hosp","2022-06-18","32","quantile",0.01,17
"2022-06-13","1 wk ahead inc flu hosp","2022-06-18","32","quantile",0.025,27
"2022-06-13","1 wk ahead inc flu hosp","2022-06-18","32","quantile",0.05,38
"2022-06-13","1 wk ahead inc flu hosp","2022-06-18","32","quantile",0.1,52
"2022-06-13","1 wk ahead inc flu hosp","2022-06-18","32","quantile",0.15,63
"2022-06-13","1 wk ahead inc flu hosp","2022-06-18","32","quantile",0.2,72
"2022-06-13","1 wk ahead inc flu hosp","2022-06-18","32","quantile",0.25,81
"2022-06-13","1 wk ahead inc flu hosp","2022-06-18","32","quantile",0.3,89
"2022-06-13","1 wk ahead inc flu hosp","2022-06-18","32","quantile",0.35,97
"2022-06-13","1 wk ahead inc flu hosp","2022-06-18","32","quantile",0.4,105
"2022-06-13","1 wk ahead inc flu hosp","2022-06-18","32","quantile",0.45,113
"2022-06-13","1 wk ahead inc flu hosp","2022-06-18","32","quantile",0.5,121
"2022-06-13","1 wk ahead inc flu hosp","2022-06-18","32","quantile",0.55,129
"2022-06-13","1 wk ahead inc flu hosp","2022-06-18","32","quantile",0.6,138
"2022-06-13","1 wk ahead inc flu hosp","2022-06-18","32","quantile",0.65,148
"2022-06-13","1 wk ahead inc flu hosp","2022-06-18","32","quantile",0.7,158
"2022-06-13","1 wk ahead inc flu hosp","2022-06-18","32","quantile",0.75,170
"2022-06-13","1 wk ahead inc flu hosp","2022-06-18","32","quantile",0.8,183
"2022-06-13","1 wk ahead inc flu hosp","2022-06-18","32","quantile",0.85,199
"2022-06-13","1 wk ahead inc flu hosp","2022-06-18","32","quantile",0.9,220
"2022-06-13","1 wk ahead inc flu hosp","2022-06-18","32","quantile",0.95,254
"2022-06-13","1 wk ahead inc flu hosp","2022-06-18","32","quantile",0.975,286
"2022-06-13","1 wk ahead inc flu hosp","2022-06-18","32","quantile",0.99,323
"2022-06-13","2 wk ahead inc flu hosp","2022-06-25","32","quantile",0.01,0
"2022-06-13","2 wk ahead inc flu hosp","2022-06-25","32","quantile",0.025,3
"2022-06-13","2 wk ahead inc flu hosp","2022-06-25","32","quantile",0.05,10
"2022-06-13","2 wk ahead inc flu hosp","2022-06-25","32","quantile",0.1,25
"2022-06-13","2 wk ahead inc flu hosp","2022-06-25","32","quantile",0.15,37
"2022-06-13","2 wk ahead inc flu hosp","2022-06-25","32","quantile",0.2,50
"2022-06-13","2 wk ahead inc flu hosp","2022-06-25","32","quantile",0.25,62
"2022-06-13","2 wk ahead inc flu hosp","2022-06-25","32","quantile",0.3,73
"2022-06-13","2 wk ahead inc flu hosp","2022-06-25","32","quantile",0.35,85
"2022-06-13","2 wk ahead inc flu hosp","2022-06-25","32","quantile",0.4,97
"2022-06-13","2 wk ahead inc flu hosp","2022-06-25","32","quantile",0.45,109
"2022-06-13","2 wk ahead inc flu hosp","2022-06-25","32","quantile",0.5,121
"2022-06-13","2 wk ahead inc flu hosp","2022-06-25","32","quantile",0.55,135
"2022-06-13","2 wk ahead inc flu hosp","2022-06-25","32","quantile",0.6,148
"2022-06-13","2 wk ahead inc flu hosp","2022-06-25","32","quantile",0.65,164
"2022-06-13","2 wk ahead inc flu hosp","2022-06-25","32","quantile",0.7,181
"2022-06-13","2 wk ahead inc flu hosp","2022-06-25","32","quantile",0.75,200
"2022-06-13","2 wk ahead inc flu hosp","2022-06-25","32","quantile",0.8,222
"2022-06-13","2 wk ahead inc flu hosp","2022-06-25","32","quantile",0.85,250
"2022-06-13","2 wk ahead inc flu hosp","2022-06-25","32","quantile",0.9,288
"2022-06-13","2 wk ahead inc flu hosp","2022-06-25","32","quantile",0.95,347
"2022-06-13","2 wk ahead inc flu hosp","2022-06-25","32","quantile",0.975,402
"2022-06-13","2 wk ahead inc flu hosp","2022-06-25","32","quantile",0.99,475
"2022-06-13","3 wk ahead inc flu hosp","2022-07-02","32","quantile",0.01,0
"2022-06-13","3 wk ahead inc flu hosp","2022-07-02","32","quantile",0.025,0
"2022-06-13","3 wk ahead inc flu hosp","2022-07-02","32","quantile",0.05,2
"2022-06-13","3 wk ahead inc flu hosp","2022-07-02","32","quantile",0.1,11
"2022-06-13","3 wk ahead inc flu hosp","2022-07-02","32","quantile",0.15,23
"2022-06-13","3 wk ahead inc flu hosp","2022-07-02","32","quantile",0.2,35
"2022-06-13","3 wk ahead inc flu hosp","2022-07-02","32","quantile",0.25,49
"2022-06-13","3 wk ahead inc flu hosp","2022-07-02","32","quantile",0.3,63
"2022-06-13","3 wk ahead inc flu hosp","2022-07-02","32","quantile",0.35,76
"2022-06-13","3 wk ahead inc flu hosp","2022-07-02","32","quantile",0.4,90
"2022-06-13","3 wk ahead inc flu hosp","2022-07-02","32","quantile",0.45,105
"2022-06-13","3 wk ahead inc flu hosp","2022-07-02","32","quantile",0.5,121
"2022-06-13","3 wk ahead inc flu hosp","2022-07-02","32","quantile",0.55,139
"2022-06-13","3 wk ahead inc flu hosp","2022-07-02","32","quantile",0.6,157
"2022-06-13","3 wk ahead inc flu hosp","2022-07-02","32","quantile",0.65,177
"2022-06-13","3 wk ahead inc flu hosp","2022-07-02","32","quantile",0.7,199
"2022-06-13","3 wk ahead inc flu hosp","2022-07-02","32","quantile",0.75,224
"2022-06-13","3 wk ahead inc flu hosp","2022-07-02","32","quantile",0.8,254
"2022-06-13","3 wk ahead inc flu hosp","2022-07-02","32","quantile",0.85,290
"2022-06-13","3 wk ahead inc flu hosp","2022-07-02","32","quantile",0.9,342
"2022-06-13","3 wk ahead inc flu hosp","2022-07-02","32","quantile",0.95,424
"2022-06-13","3 wk ahead inc flu hosp","2022-07-02","32","quantile",0.975,503
"2022-06-13","3 wk ahead inc flu hosp","2022-07-02","32","quantile",0.99,605
"2022-06-13","4 wk ahead inc flu hosp","2022-07-09","32","quantile",0.01,0
"2022-06-13","4 wk ahead inc flu hosp","2022-07-09","32","quantile",0.025,0
"2022-06-13","4 wk ahead inc flu hosp","2022-07-09","32","quantile",0.05,0
"2022-06-13","4 wk ahead inc flu hosp","2022-07-09","32","quantile",0.1,4
"2022-06-13","4 wk ahead inc flu hosp","2022-07-09","32","quantile",0.15,14
"2022-06-13","4 wk ahead inc flu hosp","2022-07-09","32","quantile",0.2,27
"2022-06-13","4 wk ahead inc flu hosp","2022-07-09","32","quantile",0.25,40
"2022-06-13","4 wk ahead inc flu hosp","2022-07-09","32","quantile",0.3,55
"2022-06-13","4 wk ahead inc flu hosp","2022-07-09","32","quantile",0.35,70
"2022-06-13","4 wk ahead inc flu hosp","2022-07-09","32","quantile",0.4,86
"2022-06-13","4 wk ahead inc flu hosp","2022-07-09","32","quantile",0.45,103
"2022-06-13","4 wk ahead inc flu hosp","2022-07-09","32","quantile",0.5,121
"2022-06-13","4 wk ahead inc flu hosp","2022-07-09","32","quantile",0.55,141
"2022-06-13","4 wk ahead inc flu hosp","2022-07-09","32","quantile",0.6,162
"2022-06-13","4 wk ahead inc flu hosp","2022-07-09","32","quantile",0.65,187
"2022-06-13","4 wk ahead inc flu hosp","2022-07-09","32","quantile",0.7,214
"2022-06-13","4 wk ahead inc flu hosp","2022-07-09","32","quantile",0.75,245
"2022-06-13","4 wk ahead inc flu hosp","2022-07-09","32","quantile",0.8,281
"2022-06-13","4 wk ahead inc flu hosp","2022-07-09","32","quantile",0.85,328
"2022-06-13","4 wk ahead inc flu hosp","2022-07-09","32","quantile",0.9,390
"2022-06-13","4 wk ahead inc flu hosp","2022-07-09","32","quantile",0.95,494
"2022-06-13","4 wk ahead inc flu hosp","2022-07-09","32","quantile",0.975,594
"2022-06-13","4 wk ahead inc flu hosp","2022-07-09","32","quantile",0.99,718
"2022-06-13","1 wk ahead inc flu hosp","2022-06-18","32","point",NA,121
"2022-06-13","2 wk ahead inc flu hosp","2022-06-25","32","point",NA,121
"2022-06-13","3 wk ahead inc flu hosp","2022-07-02","32","point",NA,121
"2022-06-13","4 wk ahead inc flu hosp","2022-07-09","32","point",NA,121
"2022-06-13","1 wk ahead inc flu hosp","2022-06-18","33","quantile",0.01,0
"2022-06-13","1 wk ahead inc flu hosp","2022-06-18","33","quantile",0.025,0
"2022-06-13","1 wk ahead inc flu hosp","2022-06-18","33","quantile",0.05,0
"2022-06-13","1 wk ahead inc flu hosp","2022-06-18","33","quantile",0.1,0
"2022-06-13","1 wk ahead inc flu hosp","2022-06-18","33","quantile",0.15,1
"2022-06-13","1 wk ahead inc flu hosp","2022-06-18","33","quantile",0.2,2
"2022-06-13","1 wk ahead inc flu hosp","2022-06-18","33","quantile",0.25,2
"2022-06-13","1 wk ahead inc flu hosp","2022-06-18","33","quantile",0.3,3
"2022-06-13","1 wk ahead inc flu hosp","2022-06-18","33","quantile",0.35,4
"2022-06-13","1 wk ahead inc flu hosp","2022-06-18","33","quantile",0.4,5
"2022-06-13","1 wk ahead inc flu hosp","2022-06-18","33","quantile",0.45,7
"2022-06-13","1 wk ahead inc flu hosp","2022-06-18","33","quantile",0.5,8
"2022-06-13","1 wk ahead inc flu hosp","2022-06-18","33","quantile",0.55,10
"2022-06-13","1 wk ahead inc flu hosp","2022-06-18","33","quantile",0.6,12
"2022-06-13","1 wk ahead inc flu hosp","2022-06-18","33","quantile",0.65,14
"2022-06-13","1 wk ahead inc flu hosp","2022-06-18","33","quantile",0.7,16
"2022-06-13","1 wk ahead inc flu hosp","2022-06-18","33","quantile",0.75,19
"2022-06-13","1 wk ahead inc flu hosp","2022-06-18","33","quantile",0.8,22
"2022-06-13","1 wk ahead inc flu hosp","2022-06-18","33","quantile",0.85,26
"2022-06-13","1 wk ahead inc flu hosp","2022-06-18","33","quantile",0.9,31
"2022-06-13","1 wk ahead inc flu hosp","2022-06-18","33","quantile",0.95,39
"2022-06-13","1 wk ahead inc flu hosp","2022-06-18","33","quantile",0.975,47
"2022-06-13","1 wk ahead inc flu hosp","2022-06-18","33","quantile",0.99,56
"2022-06-13","2 wk ahead inc flu hosp","2022-06-25","33","quantile",0.01,0
"2022-06-13","2 wk ahead inc flu hosp","2022-06-25","33","quantile",0.025,0
"2022-06-13","2 wk ahead inc flu hosp","2022-06-25","33","quantile",0.05,0
"2022-06-13","2 wk ahead inc flu hosp","2022-06-25","33","quantile",0.1,0
"2022-06-13","2 wk ahead inc flu hosp","2022-06-25","33","quantile",0.15,0
"2022-06-13","2 wk ahead inc flu hosp","2022-06-25","33","quantile",0.2,0
"2022-06-13","2 wk ahead inc flu hosp","2022-06-25","33","quantile",0.25,1
"2022-06-13","2 wk ahead inc flu hosp","2022-06-25","33","quantile",0.3,2
"2022-06-13","2 wk ahead inc flu hosp","2022-06-25","33","quantile",0.35,3
"2022-06-13","2 wk ahead inc flu hosp","2022-06-25","33","quantile",0.4,4
"2022-06-13","2 wk ahead inc flu hosp","2022-06-25","33","quantile",0.45,6
"2022-06-13","2 wk ahead inc flu hosp","2022-06-25","33","quantile",0.5,8
"2022-06-13","2 wk ahead inc flu hosp","2022-06-25","33","quantile",0.55,11
"2022-06-13","2 wk ahead inc flu hosp","2022-06-25","33","quantile",0.6,14
"2022-06-13","2 wk ahead inc flu hosp","2022-06-25","33","quantile",0.65,17
"2022-06-13","2 wk ahead inc flu hosp","2022-06-25","33","quantile",0.7,21
"2022-06-13","2 wk ahead inc flu hosp","2022-06-25","33","quantile",0.75,26
"2022-06-13","2 wk ahead inc flu hosp","2022-06-25","33","quantile",0.8,31
"2022-06-13","2 wk ahead inc flu hosp","2022-06-25","33","quantile",0.85,38
"2022-06-13","2 wk ahead inc flu hosp","2022-06-25","33","quantile",0.9,48
"2022-06-13","2 wk ahead inc flu hosp","2022-06-25","33","quantile",0.95,63
"2022-06-13","2 wk ahead inc flu hosp","2022-06-25","33","quantile",0.975,79
"2022-06-13","2 wk ahead inc flu hosp","2022-06-25","33","quantile",0.99,98
"2022-06-13","3 wk ahead inc flu hosp","2022-07-02","33","quantile",0.01,0
"2022-06-13","3 wk ahead inc flu hosp","2022-07-02","33","quantile",0.025,0
"2022-06-13","3 wk ahead inc flu hosp","2022-07-02","33","quantile",0.05,0
"2022-06-13","3 wk ahead inc flu hosp","2022-07-02","33","quantile",0.1,0
"2022-06-13","3 wk ahead inc flu hosp","2022-07-02","33","quantile",0.15,0
"2022-06-13","3 wk ahead inc flu hosp","2022-07-02","33","quantile",0.2,0
"2022-06-13","3 wk ahead inc flu hosp","2022-07-02","33","quantile",0.25,0
"2022-06-13","3 wk ahead inc flu hosp","2022-07-02","33","quantile",0.3,1
"2022-06-13","3 wk ahead inc flu hosp","2022-07-02","33","quantile",0.35,2
"2022-06-13","3 wk ahead inc flu hosp","2022-07-02","33","quantile",0.4,3
"2022-06-13","3 wk ahead inc flu hosp","2022-07-02","33","quantile",0.45,6
"2022-06-13","3 wk ahead inc flu hosp","2022-07-02","33","quantile",0.5,8
"2022-06-13","3 wk ahead inc flu hosp","2022-07-02","33","quantile",0.55,12
"2022-06-13","3 wk ahead inc flu hosp","2022-07-02","33","quantile",0.6,16
"2022-06-13","3 wk ahead inc flu hosp","2022-07-02","33","quantile",0.65,20
"2022-06-13","3 wk ahead inc flu hosp","2022-07-02","33","quantile",0.7,25
"2022-06-13","3 wk ahead inc flu hosp","2022-07-02","33","quantile",0.75,32
"2022-06-13","3 wk ahead inc flu hosp","2022-07-02","33","quantile",0.8,39
"2022-06-13","3 wk ahead inc flu hosp","2022-07-02","33","quantile",0.85,49
"2022-06-13","3 wk ahead inc flu hosp","2022-07-02","33","quantile",0.9,63
"2022-06-13","3 wk ahead inc flu hosp","2022-07-02","33","quantile",0.95,85
"2022-06-13","3 wk ahead inc flu hosp","2022-07-02","33","quantile",0.975,107
"2022-06-13","3 wk ahead inc flu hosp","2022-07-02","33","quantile",0.99,136
"2022-06-13","4 wk ahead inc flu hosp","2022-07-09","33","quantile",0.01,0
"2022-06-13","4 wk ahead inc flu hosp","2022-07-09","33","quantile",0.025,0
"2022-06-13","4 wk ahead inc flu hosp","2022-07-09","33","quantile",0.05,0
"2022-06-13","4 wk ahead inc flu hosp","2022-07-09","33","quantile",0.1,0
"2022-06-13","4 wk ahead inc flu hosp","2022-07-09","33","quantile",0.15,0
"2022-06-13","4 wk ahead inc flu hosp","2022-07-09","33","quantile",0.2,0
"2022-06-13","4 wk ahead inc flu hosp","2022-07-09","33","quantile",0.25,0
"2022-06-13","4 wk ahead inc flu hosp","2022-07-09","33","quantile",0.3,1
"2022-06-13","4 wk ahead inc flu hosp","2022-07-09","33","quantile",0.35,1
"2022-06-13","4 wk ahead inc flu hosp","2022-07-09","33","quantile",0.4,3
"2022-06-13","4 wk ahead inc flu hosp","2022-07-09","33","quantile",0.45,5
"2022-06-13","4 wk ahead inc flu hosp","2022-07-09","33","quantile",0.5,8
"2022-06-13","4 wk ahead inc flu hosp","2022-07-09","33","quantile",0.55,12
"2022-06-13","4 wk ahead inc flu hosp","2022-07-09","33","quantile",0.6,17
"2022-06-13","4 wk ahead inc flu hosp","2022-07-09","33","quantile",0.65,23
"2022-06-13","4 wk ahead inc flu hosp","2022-07-09","33","quantile",0.7,29
"2022-06-13","4 wk ahead inc flu hosp","2022-07-09","33","quantile",0.75,37
"2022-06-13","4 wk ahead inc flu hosp","2022-07-09","33","quantile",0.8,46
"2022-06-13","4 wk ahead inc flu hosp","2022-07-09","33","quantile",0.85,59
"2022-06-13","4 wk ahead inc flu hosp","2022-07-09","33","quantile",0.9,76
"2022-06-13","4 wk ahead inc flu hosp","2022-07-09","33","quantile",0.95,104
"2022-06-13","4 wk ahead inc flu hosp","2022-07-09","33","quantile",0.975,133
"2022-06-13","4 wk ahead inc flu hosp","2022-07-09","33","quantile",0.99,171
"2022-06-13","1 wk ahead inc flu hosp","2022-06-18","33","point",NA,8
"2022-06-13","2 wk ahead inc flu hosp","2022-06-25","33","point",NA,8
"2022-06-13","3 wk ahead inc flu hosp","2022-07-02","33","point",NA,8
"2022-06-13","4 wk ahead inc flu hosp","2022-07-09","33","point",NA,8
"2022-06-13","1 wk ahead inc flu hosp","2022-06-18","34","quantile",0.01,0
"2022-06-13","1 wk ahead inc flu hosp","2022-06-18","34","quantile",0.025,1
"2022-06-13","1 wk ahead inc flu hosp","2022-06-18","34","quantile",0.05,2
"2022-06-13","1 wk ahead inc flu hosp","2022-06-18","34","quantile",0.1,6
"2022-06-13","1 wk ahead inc flu hosp","2022-06-18","34","quantile",0.15,11
"2022-06-13","1 wk ahead inc flu hosp","2022-06-18","34","quantile",0.2,16
"2022-06-13","1 wk ahead inc flu hosp","2022-06-18","34","quantile",0.25,21
"2022-06-13","1 wk ahead inc flu hosp","2022-06-18","34","quantile",0.3,27
"2022-06-13","1 wk ahead inc flu hosp","2022-06-18","34","quantile",0.35,33
"2022-06-13","1 wk ahead inc flu hosp","2022-06-18","34","quantile",0.4,39
"2022-06-13","1 wk ahead inc flu hosp","2022-06-18","34","quantile",0.45,45
"2022-06-13","1 wk ahead inc flu hosp","2022-06-18","34","quantile",0.5,52
"2022-06-13","1 wk ahead inc flu hosp","2022-06-18","34","quantile",0.55,60
"2022-06-13","1 wk ahead inc flu hosp","2022-06-18","34","quantile",0.6,68
"2022-06-13","1 wk ahead inc flu hosp","2022-06-18","34","quantile",0.65,77
"2022-06-13","1 wk ahead inc flu hosp","2022-06-18","34","quantile",0.7,87
"2022-06-13","1 wk ahead inc flu hosp","2022-06-18","34","quantile",0.75,98
"2022-06-13","1 wk ahead inc flu hosp","2022-06-18","34","quantile",0.8,111
"2022-06-13","1 wk ahead inc flu hosp","2022-06-18","34","quantile",0.85,128
"2022-06-13","1 wk ahead inc flu hosp","2022-06-18","34","quantile",0.9,150
"2022-06-13","1 wk ahead inc flu hosp","2022-06-18","34","quantile",0.95,186
"2022-06-13","1 wk ahead inc flu hosp","2022-06-18","34","quantile",0.975,220
"2022-06-13","1 wk ahead inc flu hosp","2022-06-18","34","quantile",0.99,261
"2022-06-13","2 wk ahead inc flu hosp","2022-06-25","34","quantile",0.01,0
"2022-06-13","2 wk ahead inc flu hosp","2022-06-25","34","quantile",0.025,0
"2022-06-13","2 wk ahead inc flu hosp","2022-06-25","34","quantile",0.05,0
"2022-06-13","2 wk ahead inc flu hosp","2022-06-25","34","quantile",0.1,0
"2022-06-13","2 wk ahead inc flu hosp","2022-06-25","34","quantile",0.15,2
"2022-06-13","2 wk ahead inc flu hosp","2022-06-25","34","quantile",0.2,5
"2022-06-13","2 wk ahead inc flu hosp","2022-06-25","34","quantile",0.25,10
"2022-06-13","2 wk ahead inc flu hosp","2022-06-25","34","quantile",0.3,17
"2022-06-13","2 wk ahead inc flu hosp","2022-06-25","34","quantile",0.35,24
"2022-06-13","2 wk ahead inc flu hosp","2022-06-25","34","quantile",0.4,33
"2022-06-13","2 wk ahead inc flu hosp","2022-06-25","34","quantile",0.45,42
"2022-06-13","2 wk ahead inc flu hosp","2022-06-25","34","quantile",0.5,53
"2022-06-13","2 wk ahead inc flu hosp","2022-06-25","34","quantile",0.55,64
"2022-06-13","2 wk ahead inc flu hosp","2022-06-25","34","quantile",0.6,77
"2022-06-13","2 wk ahead inc flu hosp","2022-06-25","34","quantile",0.65,92
"2022-06-13","2 wk ahead inc flu hosp","2022-06-25","34","quantile",0.7,109
"2022-06-13","2 wk ahead inc flu hosp","2022-06-25","34","quantile",0.75,129
"2022-06-13","2 wk ahead inc flu hosp","2022-06-25","34","quantile",0.8,153
"2022-06-13","2 wk ahead inc flu hosp","2022-06-25","34","quantile",0.85,183
"2022-06-13","2 wk ahead inc flu hosp","2022-06-25","34","quantile",0.9,224
"2022-06-13","2 wk ahead inc flu hosp","2022-06-25","34","quantile",0.95,295
"2022-06-13","2 wk ahead inc flu hosp","2022-06-25","34","quantile",0.975,360
"2022-06-13","2 wk ahead inc flu hosp","2022-06-25","34","quantile",0.99,442
"2022-06-13","3 wk ahead inc flu hosp","2022-07-02","34","quantile",0.01,0
"2022-06-13","3 wk ahead inc flu hosp","2022-07-02","34","quantile",0.025,0
"2022-06-13","3 wk ahead inc flu hosp","2022-07-02","34","quantile",0.05,0
"2022-06-13","3 wk ahead inc flu hosp","2022-07-02","34","quantile",0.1,0
"2022-06-13","3 wk ahead inc flu hosp","2022-07-02","34","quantile",0.15,0
"2022-06-13","3 wk ahead inc flu hosp","2022-07-02","34","quantile",0.2,2
"2022-06-13","3 wk ahead inc flu hosp","2022-07-02","34","quantile",0.25,5
"2022-06-13","3 wk ahead inc flu hosp","2022-07-02","34","quantile",0.3,11
"2022-06-13","3 wk ahead inc flu hosp","2022-07-02","34","quantile",0.35,19
"2022-06-13","3 wk ahead inc flu hosp","2022-07-02","34","quantile",0.4,28
"2022-06-13","3 wk ahead inc flu hosp","2022-07-02","34","quantile",0.45,39
"2022-06-13","3 wk ahead inc flu hosp","2022-07-02","34","quantile",0.5,53
"2022-06-13","3 wk ahead inc flu hosp","2022-07-02","34","quantile",0.55,67
"2022-06-13","3 wk ahead inc flu hosp","2022-07-02","34","quantile",0.6,85
"2022-06-13","3 wk ahead inc flu hosp","2022-07-02","34","quantile",0.65,105
"2022-06-13","3 wk ahead inc flu hosp","2022-07-02","34","quantile",0.7,127
"2022-06-13","3 wk ahead inc flu hosp","2022-07-02","34","quantile",0.75,153
"2022-06-13","3 wk ahead inc flu hosp","2022-07-02","34","quantile",0.8,186
"2022-06-13","3 wk ahead inc flu hosp","2022-07-02","34","quantile",0.85,229
"2022-06-13","3 wk ahead inc flu hosp","2022-07-02","34","quantile",0.9,288
"2022-06-13","3 wk ahead inc flu hosp","2022-07-02","34","quantile",0.95,388
"2022-06-13","3 wk ahead inc flu hosp","2022-07-02","34","quantile",0.975,485
"2022-06-13","3 wk ahead inc flu hosp","2022-07-02","34","quantile",0.99,608
"2022-06-13","4 wk ahead inc flu hosp","2022-07-09","34","quantile",0.01,0
"2022-06-13","4 wk ahead inc flu hosp","2022-07-09","34","quantile",0.025,0
"2022-06-13","4 wk ahead inc flu hosp","2022-07-09","34","quantile",0.05,0
"2022-06-13","4 wk ahead inc flu hosp","2022-07-09","34","quantile",0.1,0
"2022-06-13","4 wk ahead inc flu hosp","2022-07-09","34","quantile",0.15,0
"2022-06-13","4 wk ahead inc flu hosp","2022-07-09","34","quantile",0.2,0
"2022-06-13","4 wk ahead inc flu hosp","2022-07-09","34","quantile",0.25,3
"2022-06-13","4 wk ahead inc flu hosp","2022-07-09","34","quantile",0.3,7
"2022-06-13","4 wk ahead inc flu hosp","2022-07-09","34","quantile",0.35,15
"2022-06-13","4 wk ahead inc flu hosp","2022-07-09","34","quantile",0.4,25
"2022-06-13","4 wk ahead inc flu hosp","2022-07-09","34","quantile",0.45,38
"2022-06-13","4 wk ahead inc flu hosp","2022-07-09","34","quantile",0.5,53
"2022-06-13","4 wk ahead inc flu hosp","2022-07-09","34","quantile",0.55,71
"2022-06-13","4 wk ahead inc flu hosp","2022-07-09","34","quantile",0.6,91
"2022-06-13","4 wk ahead inc flu hosp","2022-07-09","34","quantile",0.65,115
"2022-06-13","4 wk ahead inc flu hosp","2022-07-09","34","quantile",0.7,142
"2022-06-13","4 wk ahead inc flu hosp","2022-07-09","34","quantile",0.75,176
"2022-06-13","4 wk ahead inc flu hosp","2022-07-09","34","quantile",0.8,218
"2022-06-13","4 wk ahead inc flu hosp","2022-07-09","34","quantile",0.85,271
"2022-06-13","4 wk ahead inc flu hosp","2022-07-09","34","quantile",0.9,347
"2022-06-13","4 wk ahead inc flu hosp","2022-07-09","34","quantile",0.95,473
"2022-06-13","4 wk ahead inc flu hosp","2022-07-09","34","quantile",0.975,600
"2022-06-13","4 wk ahead inc flu hosp","2022-07-09","34","quantile",0.99,767
"2022-06-13","1 wk ahead inc flu hosp","2022-06-18","34","point",NA,52
"2022-06-13","2 wk ahead inc flu hosp","2022-06-25","34","point",NA,53
"2022-06-13","3 wk ahead inc flu hosp","2022-07-02","34","point",NA,53
"2022-06-13","4 wk ahead inc flu hosp","2022-07-09","34","point",NA,53
"2022-06-13","1 wk ahead inc flu hosp","2022-06-18","35","quantile",0.01,0
"2022-06-13","1 wk ahead inc flu hosp","2022-06-18","35","quantile",0.025,1
"2022-06-13","1 wk ahead inc flu hosp","2022-06-18","35","quantile",0.05,2
"2022-06-13","1 wk ahead inc flu hosp","2022-06-18","35","quantile",0.1,3
"2022-06-13","1 wk ahead inc flu hosp","2022-06-18","35","quantile",0.15,5
"2022-06-13","1 wk ahead inc flu hosp","2022-06-18","35","quantile",0.2,8
"2022-06-13","1 wk ahead inc flu hosp","2022-06-18","35","quantile",0.25,10
"2022-06-13","1 wk ahead inc flu hosp","2022-06-18","35","quantile",0.3,12
"2022-06-13","1 wk ahead inc flu hosp","2022-06-18","35","quantile",0.35,15
"2022-06-13","1 wk ahead inc flu hosp","2022-06-18","35","quantile",0.4,17
"2022-06-13","1 wk ahead inc flu hosp","2022-06-18","35","quantile",0.45,20
"2022-06-13","1 wk ahead inc flu hosp","2022-06-18","35","quantile",0.5,22
"2022-06-13","1 wk ahead inc flu hosp","2022-06-18","35","quantile",0.55,25
"2022-06-13","1 wk ahead inc flu hosp","2022-06-18","35","quantile",0.6,28
"2022-06-13","1 wk ahead inc flu hosp","2022-06-18","35","quantile",0.65,31
"2022-06-13","1 wk ahead inc flu hosp","2022-06-18","35","quantile",0.7,35
"2022-06-13","1 wk ahead inc flu hosp","2022-06-18","35","quantile",0.75,39
"2022-06-13","1 wk ahead inc flu hosp","2022-06-18","35","quantile",0.8,43
"2022-06-13","1 wk ahead inc flu hosp","2022-06-18","35","quantile",0.85,49
"2022-06-13","1 wk ahead inc flu hosp","2022-06-18","35","quantile",0.9,57
"2022-06-13","1 wk ahead inc flu hosp","2022-06-18","35","quantile",0.95,68
"2022-06-13","1 wk ahead inc flu hosp","2022-06-18","35","quantile",0.975,80
"2022-06-13","1 wk ahead inc flu hosp","2022-06-18","35","quantile",0.99,93
"2022-06-13","2 wk ahead inc flu hosp","2022-06-25","35","quantile",0.01,0
"2022-06-13","2 wk ahead inc flu hosp","2022-06-25","35","quantile",0.025,0
"2022-06-13","2 wk ahead inc flu hosp","2022-06-25","35","quantile",0.05,0
"2022-06-13","2 wk ahead inc flu hosp","2022-06-25","35","quantile",0.1,0
"2022-06-13","2 wk ahead inc flu hosp","2022-06-25","35","quantile",0.15,1
"2022-06-13","2 wk ahead inc flu hosp","2022-06-25","35","quantile",0.2,3
"2022-06-13","2 wk ahead inc flu hosp","2022-06-25","35","quantile",0.25,5
"2022-06-13","2 wk ahead inc flu hosp","2022-06-25","35","quantile",0.3,8
"2022-06-13","2 wk ahead inc flu hosp","2022-06-25","35","quantile",0.35,11
"2022-06-13","2 wk ahead inc flu hosp","2022-06-25","35","quantile",0.4,15
"2022-06-13","2 wk ahead inc flu hosp","2022-06-25","35","quantile",0.45,18
"2022-06-13","2 wk ahead inc flu hosp","2022-06-25","35","quantile",0.5,22
"2022-06-13","2 wk ahead inc flu hosp","2022-06-25","35","quantile",0.55,27
"2022-06-13","2 wk ahead inc flu hosp","2022-06-25","35","quantile",0.6,32
"2022-06-13","2 wk ahead inc flu hosp","2022-06-25","35","quantile",0.65,37
"2022-06-13","2 wk ahead inc flu hosp","2022-06-25","35","quantile",0.7,43
"2022-06-13","2 wk ahead inc flu hosp","2022-06-25","35","quantile",0.75,49
"2022-06-13","2 wk ahead inc flu hosp","2022-06-25","35","quantile",0.8,58
"2022-06-13","2 wk ahead inc flu hosp","2022-06-25","35","quantile",0.85,68
"2022-06-13","2 wk ahead inc flu hosp","2022-06-25","35","quantile",0.9,82
"2022-06-13","2 wk ahead inc flu hosp","2022-06-25","35","quantile",0.95,104
"2022-06-13","2 wk ahead inc flu hosp","2022-06-25","35","quantile",0.975,126
"2022-06-13","2 wk ahead inc flu hosp","2022-06-25","35","quantile",0.99,153
"2022-06-13","3 wk ahead inc flu hosp","2022-07-02","35","quantile",0.01,0
"2022-06-13","3 wk ahead inc flu hosp","2022-07-02","35","quantile",0.025,0
"2022-06-13","3 wk ahead inc flu hosp","2022-07-02","35","quantile",0.05,0
"2022-06-13","3 wk ahead inc flu hosp","2022-07-02","35","quantile",0.1,0
"2022-06-13","3 wk ahead inc flu hosp","2022-07-02","35","quantile",0.15,0
"2022-06-13","3 wk ahead inc flu hosp","2022-07-02","35","quantile",0.2,1
"2022-06-13","3 wk ahead inc flu hosp","2022-07-02","35","quantile",0.25,3
"2022-06-13","3 wk ahead inc flu hosp","2022-07-02","35","quantile",0.3,6
"2022-06-13","3 wk ahead inc flu hosp","2022-07-02","35","quantile",0.35,9
"2022-06-13","3 wk ahead inc flu hosp","2022-07-02","35","quantile",0.4,13
"2022-06-13","3 wk ahead inc flu hosp","2022-07-02","35","quantile",0.45,17
"2022-06-13","3 wk ahead inc flu hosp","2022-07-02","35","quantile",0.5,22
"2022-06-13","3 wk ahead inc flu hosp","2022-07-02","35","quantile",0.55,28
"2022-06-13","3 wk ahead inc flu hosp","2022-07-02","35","quantile",0.6,34
"2022-06-13","3 wk ahead inc flu hosp","2022-07-02","35","quantile",0.65,41
"2022-06-13","3 wk ahead inc flu hosp","2022-07-02","35","quantile",0.7,49
"2022-06-13","3 wk ahead inc flu hosp","2022-07-02","35","quantile",0.75,58
"2022-06-13","3 wk ahead inc flu hosp","2022-07-02","35","quantile",0.8,69
"2022-06-13","3 wk ahead inc flu hosp","2022-07-02","35","quantile",0.85,83
"2022-06-13","3 wk ahead inc flu hosp","2022-07-02","35","quantile",0.9,102
"2022-06-13","3 wk ahead inc flu hosp","2022-07-02","35","quantile",0.95,134
"2022-06-13","3 wk ahead inc flu hosp","2022-07-02","35","quantile",0.975,165
"2022-06-13","3 wk ahead inc flu hosp","2022-07-02","35","quantile",0.99,206
"2022-06-13","4 wk ahead inc flu hosp","2022-07-09","35","quantile",0.01,0
"2022-06-13","4 wk ahead inc flu hosp","2022-07-09","35","quantile",0.025,0
"2022-06-13","4 wk ahead inc flu hosp","2022-07-09","35","quantile",0.05,0
"2022-06-13","4 wk ahead inc flu hosp","2022-07-09","35","quantile",0.1,0
"2022-06-13","4 wk ahead inc flu hosp","2022-07-09","35","quantile",0.15,0
"2022-06-13","4 wk ahead inc flu hosp","2022-07-09","35","quantile",0.2,0
"2022-06-13","4 wk ahead inc flu hosp","2022-07-09","35","quantile",0.25,2
"2022-06-13","4 wk ahead inc flu hosp","2022-07-09","35","quantile",0.3,4
"2022-06-13","4 wk ahead inc flu hosp","2022-07-09","35","quantile",0.35,7
"2022-06-13","4 wk ahead inc flu hosp","2022-07-09","35","quantile",0.4,11
"2022-06-13","4 wk ahead inc flu hosp","2022-07-09","35","quantile",0.45,17
"2022-06-13","4 wk ahead inc flu hosp","2022-07-09","35","quantile",0.5,23
"2022-06-13","4 wk ahead inc flu hosp","2022-07-09","35","quantile",0.55,29
"2022-06-13","4 wk ahead inc flu hosp","2022-07-09","35","quantile",0.6,36
"2022-06-13","4 wk ahead inc flu hosp","2022-07-09","35","quantile",0.65,45
"2022-06-13","4 wk ahead inc flu hosp","2022-07-09","35","quantile",0.7,54
"2022-06-13","4 wk ahead inc flu hosp","2022-07-09","35","quantile",0.75,66
"2022-06-13","4 wk ahead inc flu hosp","2022-07-09","35","quantile",0.8,79
"2022-06-13","4 wk ahead inc flu hosp","2022-07-09","35","quantile",0.85,96
"2022-06-13","4 wk ahead inc flu hosp","2022-07-09","35","quantile",0.9,121
"2022-06-13","4 wk ahead inc flu hosp","2022-07-09","35","quantile",0.95,161
"2022-06-13","4 wk ahead inc flu hosp","2022-07-09","35","quantile",0.975,201
"2022-06-13","4 wk ahead inc flu hosp","2022-07-09","35","quantile",0.99,252
"2022-06-13","1 wk ahead inc flu hosp","2022-06-18","35","point",NA,22
"2022-06-13","2 wk ahead inc flu hosp","2022-06-25","35","point",NA,22
"2022-06-13","3 wk ahead inc flu hosp","2022-07-02","35","point",NA,22
"2022-06-13","4 wk ahead inc flu hosp","2022-07-09","35","point",NA,23
"2022-06-13","1 wk ahead inc flu hosp","2022-06-18","36","quantile",0.01,12
"2022-06-13","1 wk ahead inc flu hosp","2022-06-18","36","quantile",0.025,20
"2022-06-13","1 wk ahead inc flu hosp","2022-06-18","36","quantile",0.05,30
"2022-06-13","1 wk ahead inc flu hosp","2022-06-18","36","quantile",0.1,43
"2022-06-13","1 wk ahead inc flu hosp","2022-06-18","36","quantile",0.15,52
"2022-06-13","1 wk ahead inc flu hosp","2022-06-18","36","quantile",0.2,61
"2022-06-13","1 wk ahead inc flu hosp","2022-06-18","36","quantile",0.25,69
"2022-06-13","1 wk ahead inc flu hosp","2022-06-18","36","quantile",0.3,77
"2022-06-13","1 wk ahead inc flu hosp","2022-06-18","36","quantile",0.35,85
"2022-06-13","1 wk ahead inc flu hosp","2022-06-18","36","quantile",0.4,92
"2022-06-13","1 wk ahead inc flu hosp","2022-06-18","36","quantile",0.45,99
"2022-06-13","1 wk ahead inc flu hosp","2022-06-18","36","quantile",0.5,107
"2022-06-13","1 wk ahead inc flu hosp","2022-06-18","36","quantile",0.55,115
"2022-06-13","1 wk ahead inc flu hosp","2022-06-18","36","quantile",0.6,123
"2022-06-13","1 wk ahead inc flu hosp","2022-06-18","36","quantile",0.65,132
"2022-06-13","1 wk ahead inc flu hosp","2022-06-18","36","quantile",0.7,142
"2022-06-13","1 wk ahead inc flu hosp","2022-06-18","36","quantile",0.75,153
"2022-06-13","1 wk ahead inc flu hosp","2022-06-18","36","quantile",0.8,166
"2022-06-13","1 wk ahead inc flu hosp","2022-06-18","36","quantile",0.85,181
"2022-06-13","1 wk ahead inc flu hosp","2022-06-18","36","quantile",0.9,201
"2022-06-13","1 wk ahead inc flu hosp","2022-06-18","36","quantile",0.95,233
"2022-06-13","1 wk ahead inc flu hosp","2022-06-18","36","quantile",0.975,261
"2022-06-13","1 wk ahead inc flu hosp","2022-06-18","36","quantile",0.99,297
"2022-06-13","2 wk ahead inc flu hosp","2022-06-25","36","quantile",0.01,0
"2022-06-13","2 wk ahead inc flu hosp","2022-06-25","36","quantile",0.025,2
"2022-06-13","2 wk ahead inc flu hosp","2022-06-25","36","quantile",0.05,7
"2022-06-13","2 wk ahead inc flu hosp","2022-06-25","36","quantile",0.1,19
"2022-06-13","2 wk ahead inc flu hosp","2022-06-25","36","quantile",0.15,30
"2022-06-13","2 wk ahead inc flu hosp","2022-06-25","36","quantile",0.2,41
"2022-06-13","2 wk ahead inc flu hosp","2022-06-25","36","quantile",0.25,52
"2022-06-13","2 wk ahead inc flu hosp","2022-06-25","36","quantile",0.3,63
"2022-06-13","2 wk ahead inc flu hosp","2022-06-25","36","quantile",0.35,73
"2022-06-13","2 wk ahead inc flu hosp","2022-06-25","36","quantile",0.4,84
"2022-06-13","2 wk ahead inc flu hosp","2022-06-25","36","quantile",0.45,96
"2022-06-13","2 wk ahead inc flu hosp","2022-06-25","36","quantile",0.5,107
"2022-06-13","2 wk ahead inc flu hosp","2022-06-25","36","quantile",0.55,120
"2022-06-13","2 wk ahead inc flu hosp","2022-06-25","36","quantile",0.6,133
"2022-06-13","2 wk ahead inc flu hosp","2022-06-25","36","quantile",0.65,148
"2022-06-13","2 wk ahead inc flu hosp","2022-06-25","36","quantile",0.7,164
"2022-06-13","2 wk ahead inc flu hosp","2022-06-25","36","quantile",0.75,182
"2022-06-13","2 wk ahead inc flu hosp","2022-06-25","36","quantile",0.8,204
"2022-06-13","2 wk ahead inc flu hosp","2022-06-25","36","quantile",0.85,230
"2022-06-13","2 wk ahead inc flu hosp","2022-06-25","36","quantile",0.9,266
"2022-06-13","2 wk ahead inc flu hosp","2022-06-25","36","quantile",0.95,324
"2022-06-13","2 wk ahead inc flu hosp","2022-06-25","36","quantile",0.975,379
"2022-06-13","2 wk ahead inc flu hosp","2022-06-25","36","quantile",0.99,446
"2022-06-13","3 wk ahead inc flu hosp","2022-07-02","36","quantile",0.01,0
"2022-06-13","3 wk ahead inc flu hosp","2022-07-02","36","quantile",0.025,0
"2022-06-13","3 wk ahead inc flu hosp","2022-07-02","36","quantile",0.05,1
"2022-06-13","3 wk ahead inc flu hosp","2022-07-02","36","quantile",0.1,7
"2022-06-13","3 wk ahead inc flu hosp","2022-07-02","36","quantile",0.15,17
"2022-06-13","3 wk ahead inc flu hosp","2022-07-02","36","quantile",0.2,28
"2022-06-13","3 wk ahead inc flu hosp","2022-07-02","36","quantile",0.25,40
"2022-06-13","3 wk ahead inc flu hosp","2022-07-02","36","quantile",0.3,53
"2022-06-13","3 wk ahead inc flu hosp","2022-07-02","36","quantile",0.35,65
"2022-06-13","3 wk ahead inc flu hosp","2022-07-02","36","quantile",0.4,79
"2022-06-13","3 wk ahead inc flu hosp","2022-07-02","36","quantile",0.45,92
"2022-06-13","3 wk ahead inc flu hosp","2022-07-02","36","quantile",0.5,107
"2022-06-13","3 wk ahead inc flu hosp","2022-07-02","36","quantile",0.55,123
"2022-06-13","3 wk ahead inc flu hosp","2022-07-02","36","quantile",0.6,141
"2022-06-13","3 wk ahead inc flu hosp","2022-07-02","36","quantile",0.65,159
"2022-06-13","3 wk ahead inc flu hosp","2022-07-02","36","quantile",0.7,180
"2022-06-13","3 wk ahead inc flu hosp","2022-07-02","36","quantile",0.75,204
"2022-06-13","3 wk ahead inc flu hosp","2022-07-02","36","quantile",0.8,233
"2022-06-13","3 wk ahead inc flu hosp","2022-07-02","36","quantile",0.85,269
"2022-06-13","3 wk ahead inc flu hosp","2022-07-02","36","quantile",0.9,318
"2022-06-13","3 wk ahead inc flu hosp","2022-07-02","36","quantile",0.95,399
"2022-06-13","3 wk ahead inc flu hosp","2022-07-02","36","quantile",0.975,476
"2022-06-13","3 wk ahead inc flu hosp","2022-07-02","36","quantile",0.99,574
"2022-06-13","4 wk ahead inc flu hosp","2022-07-09","36","quantile",0.01,0
"2022-06-13","4 wk ahead inc flu hosp","2022-07-09","36","quantile",0.025,0
"2022-06-13","4 wk ahead inc flu hosp","2022-07-09","36","quantile",0.05,0
"2022-06-13","4 wk ahead inc flu hosp","2022-07-09","36","quantile",0.1,2
"2022-06-13","4 wk ahead inc flu hosp","2022-07-09","36","quantile",0.15,9
"2022-06-13","4 wk ahead inc flu hosp","2022-07-09","36","quantile",0.2,20
"2022-06-13","4 wk ahead inc flu hosp","2022-07-09","36","quantile",0.25,32
"2022-06-13","4 wk ahead inc flu hosp","2022-07-09","36","quantile",0.3,45
"2022-06-13","4 wk ahead inc flu hosp","2022-07-09","36","quantile",0.35,59
"2022-06-13","4 wk ahead inc flu hosp","2022-07-09","36","quantile",0.4,75
"2022-06-13","4 wk ahead inc flu hosp","2022-07-09","36","quantile",0.45,91
"2022-06-13","4 wk ahead inc flu hosp","2022-07-09","36","quantile",0.5,108
"2022-06-13","4 wk ahead inc flu hosp","2022-07-09","36","quantile",0.55,126
"2022-06-13","4 wk ahead inc flu hosp","2022-07-09","36","quantile",0.6,146
"2022-06-13","4 wk ahead inc flu hosp","2022-07-09","36","quantile",0.65,169
"2022-06-13","4 wk ahead inc flu hosp","2022-07-09","36","quantile",0.7,195
"2022-06-13","4 wk ahead inc flu hosp","2022-07-09","36","quantile",0.75,225
"2022-06-13","4 wk ahead inc flu hosp","2022-07-09","36","quantile",0.8,260
"2022-06-13","4 wk ahead inc flu hosp","2022-07-09","36","quantile",0.85,305
"2022-06-13","4 wk ahead inc flu hosp","2022-07-09","36","quantile",0.9,366
"2022-06-13","4 wk ahead inc flu hosp","2022-07-09","36","quantile",0.95,466
"2022-06-13","4 wk ahead inc flu hosp","2022-07-09","36","quantile",0.975,563
"2022-06-13","4 wk ahead inc flu hosp","2022-07-09","36","quantile",0.99,688
"2022-06-13","1 wk ahead inc flu hosp","2022-06-18","36","point",NA,107
"2022-06-13","2 wk ahead inc flu hosp","2022-06-25","36","point",NA,107
"2022-06-13","3 wk ahead inc flu hosp","2022-07-02","36","point",NA,107
"2022-06-13","4 wk ahead inc flu hosp","2022-07-09","36","point",NA,108
"2022-06-13","1 wk ahead inc flu hosp","2022-06-18","37","quantile",0.01,0
"2022-06-13","1 wk ahead inc flu hosp","2022-06-18","37","quantile",0.025,0
"2022-06-13","1 wk ahead inc flu hosp","2022-06-18","37","quantile",0.05,0
"2022-06-13","1 wk ahead inc flu hosp","2022-06-18","37","quantile",0.1,1
"2022-06-13","1 wk ahead inc flu hosp","2022-06-18","37","quantile",0.15,2
"2022-06-13","1 wk ahead inc flu hosp","2022-06-18","37","quantile",0.2,4
"2022-06-13","1 wk ahead inc flu hosp","2022-06-18","37","quantile",0.25,6
"2022-06-13","1 wk ahead inc flu hosp","2022-06-18","37","quantile",0.3,9
"2022-06-13","1 wk ahead inc flu hosp","2022-06-18","37","quantile",0.35,12
"2022-06-13","1 wk ahead inc flu hosp","2022-06-18","37","quantile",0.4,16
"2022-06-13","1 wk ahead inc flu hosp","2022-06-18","37","quantile",0.45,20
"2022-06-13","1 wk ahead inc flu hosp","2022-06-18","37","quantile",0.5,25
"2022-06-13","1 wk ahead inc flu hosp","2022-06-18","37","quantile",0.55,30
"2022-06-13","1 wk ahead inc flu hosp","2022-06-18","37","quantile",0.6,35
"2022-06-13","1 wk ahead inc flu hosp","2022-06-18","37","quantile",0.65,42
"2022-06-13","1 wk ahead inc flu hosp","2022-06-18","37","quantile",0.7,49
"2022-06-13","1 wk ahead inc flu hosp","2022-06-18","37","quantile",0.75,58
"2022-06-13","1 wk ahead inc flu hosp","2022-06-18","37","quantile",0.8,68
"2022-06-13","1 wk ahead inc flu hosp","2022-06-18","37","quantile",0.85,81
"2022-06-13","1 wk ahead inc flu hosp","2022-06-18","37","quantile",0.9,100
"2022-06-13","1 wk ahead inc flu hosp","2022-06-18","37","quantile",0.95,130
"2022-06-13","1 wk ahead inc flu hosp","2022-06-18","37","quantile",0.975,157
"2022-06-13","1 wk ahead inc flu hosp","2022-06-18","37","quantile",0.99,191
"2022-06-13","2 wk ahead inc flu hosp","2022-06-25","37","quantile",0.01,0
"2022-06-13","2 wk ahead inc flu hosp","2022-06-25","37","quantile",0.025,0
"2022-06-13","2 wk ahead inc flu hosp","2022-06-25","37","quantile",0.05,0
"2022-06-13","2 wk ahead inc flu hosp","2022-06-25","37","quantile",0.1,0
"2022-06-13","2 wk ahead inc flu hosp","2022-06-25","37","quantile",0.15,0
"2022-06-13","2 wk ahead inc flu hosp","2022-06-25","37","quantile",0.2,1
"2022-06-13","2 wk ahead inc flu hosp","2022-06-25","37","quantile",0.25,2
"2022-06-13","2 wk ahead inc flu hosp","2022-06-25","37","quantile",0.3,4
"2022-06-13","2 wk ahead inc flu hosp","2022-06-25","37","quantile",0.35,8
"2022-06-13","2 wk ahead inc flu hosp","2022-06-25","37","quantile",0.4,12
"2022-06-13","2 wk ahead inc flu hosp","2022-06-25","37","quantile",0.45,18
"2022-06-13","2 wk ahead inc flu hosp","2022-06-25","37","quantile",0.5,25
"2022-06-13","2 wk ahead inc flu hosp","2022-06-25","37","quantile",0.55,33
"2022-06-13","2 wk ahead inc flu hosp","2022-06-25","37","quantile",0.6,43
"2022-06-13","2 wk ahead inc flu hosp","2022-06-25","37","quantile",0.65,54
"2022-06-13","2 wk ahead inc flu hosp","2022-06-25","37","quantile",0.7,67
"2022-06-13","2 wk ahead inc flu hosp","2022-06-25","37","quantile",0.75,83
"2022-06-13","2 wk ahead inc flu hosp","2022-06-25","37","quantile",0.8,102
"2022-06-13","2 wk ahead inc flu hosp","2022-06-25","37","quantile",0.85,127
"2022-06-13","2 wk ahead inc flu hosp","2022-06-25","37","quantile",0.9,161
"2022-06-13","2 wk ahead inc flu hosp","2022-06-25","37","quantile",0.95,219
"2022-06-13","2 wk ahead inc flu hosp","2022-06-25","37","quantile",0.975,277
"2022-06-13","2 wk ahead inc flu hosp","2022-06-25","37","quantile",0.99,347
"2022-06-13","3 wk ahead inc flu hosp","2022-07-02","37","quantile",0.01,0
"2022-06-13","3 wk ahead inc flu hosp","2022-07-02","37","quantile",0.025,0
"2022-06-13","3 wk ahead inc flu hosp","2022-07-02","37","quantile",0.05,0
"2022-06-13","3 wk ahead inc flu hosp","2022-07-02","37","quantile",0.1,0
"2022-06-13","3 wk ahead inc flu hosp","2022-07-02","37","quantile",0.15,0
"2022-06-13","3 wk ahead inc flu hosp","2022-07-02","37","quantile",0.2,0
"2022-06-13","3 wk ahead inc flu hosp","2022-07-02","37","quantile",0.25,1
"2022-06-13","3 wk ahead inc flu hosp","2022-07-02","37","quantile",0.3,2
"2022-06-13","3 wk ahead inc flu hosp","2022-07-02","37","quantile",0.35,5
"2022-06-13","3 wk ahead inc flu hosp","2022-07-02","37","quantile",0.4,10
"2022-06-13","3 wk ahead inc flu hosp","2022-07-02","37","quantile",0.45,16
"2022-06-13","3 wk ahead inc flu hosp","2022-07-02","37","quantile",0.5,25
"2022-06-13","3 wk ahead inc flu hosp","2022-07-02","37","quantile",0.55,36
"2022-06-13","3 wk ahead inc flu hosp","2022-07-02","37","quantile",0.6,48
"2022-06-13","3 wk ahead inc flu hosp","2022-07-02","37","quantile",0.65,63
"2022-06-13","3 wk ahead inc flu hosp","2022-07-02","37","quantile",0.7,81
"2022-06-13","3 wk ahead inc flu hosp","2022-07-02","37","quantile",0.75,102
"2022-06-13","3 wk ahead inc flu hosp","2022-07-02","37","quantile",0.8,129
"2022-06-13","3 wk ahead inc flu hosp","2022-07-02","37","quantile",0.85,164
"2022-06-13","3 wk ahead inc flu hosp","2022-07-02","37","quantile",0.9,214
"2022-06-13","3 wk ahead inc flu hosp","2022-07-02","37","quantile",0.95,300
"2022-06-13","3 wk ahead inc flu hosp","2022-07-02","37","quantile",0.975,385
"2022-06-13","3 wk ahead inc flu hosp","2022-07-02","37","quantile",0.99,498
"2022-06-13","4 wk ahead inc flu hosp","2022-07-09","37","quantile",0.01,0
"2022-06-13","4 wk ahead inc flu hosp","2022-07-09","37","quantile",0.025,0
"2022-06-13","4 wk ahead inc flu hosp","2022-07-09","37","quantile",0.05,0
"2022-06-13","4 wk ahead inc flu hosp","2022-07-09","37","quantile",0.1,0
"2022-06-13","4 wk ahead inc flu hosp","2022-07-09","37","quantile",0.15,0
"2022-06-13","4 wk ahead inc flu hosp","2022-07-09","37","quantile",0.2,0
"2022-06-13","4 wk ahead inc flu hosp","2022-07-09","37","quantile",0.25,0
"2022-06-13","4 wk ahead inc flu hosp","2022-07-09","37","quantile",0.3,1
"2022-06-13","4 wk ahead inc flu hosp","2022-07-09","37","quantile",0.35,3
"2022-06-13","4 wk ahead inc flu hosp","2022-07-09","37","quantile",0.4,8
"2022-06-13","4 wk ahead inc flu hosp","2022-07-09","37","quantile",0.45,15
"2022-06-13","4 wk ahead inc flu hosp","2022-07-09","37","quantile",0.5,25
"2022-06-13","4 wk ahead inc flu hosp","2022-07-09","37","quantile",0.55,37
"2022-06-13","4 wk ahead inc flu hosp","2022-07-09","37","quantile",0.6,53
"2022-06-13","4 wk ahead inc flu hosp","2022-07-09","37","quantile",0.65,71
"2022-06-13","4 wk ahead inc flu hosp","2022-07-09","37","quantile",0.7,94
"2022-06-13","4 wk ahead inc flu hosp","2022-07-09","37","quantile",0.75,120
"2022-06-13","4 wk ahead inc flu hosp","2022-07-09","37","quantile",0.8,154
"2022-06-13","4 wk ahead inc flu hosp","2022-07-09","37","quantile",0.85,199
"2022-06-13","4 wk ahead inc flu hosp","2022-07-09","37","quantile",0.9,265
"2022-06-13","4 wk ahead inc flu hosp","2022-07-09","37","quantile",0.95,379
"2022-06-13","4 wk ahead inc flu hosp","2022-07-09","37","quantile",0.975,490
"2022-06-13","4 wk ahead inc flu hosp","2022-07-09","37","quantile",0.99,636
"2022-06-13","1 wk ahead inc flu hosp","2022-06-18","37","point",NA,25
"2022-06-13","2 wk ahead inc flu hosp","2022-06-25","37","point",NA,25
"2022-06-13","3 wk ahead inc flu hosp","2022-07-02","37","point",NA,25
"2022-06-13","4 wk ahead inc flu hosp","2022-07-09","37","point",NA,25
"2022-06-13","1 wk ahead inc flu hosp","2022-06-18","38","quantile",0.01,0
"2022-06-13","1 wk ahead inc flu hosp","2022-06-18","38","quantile",0.025,0
"2022-06-13","1 wk ahead inc flu hosp","2022-06-18","38","quantile",0.05,0
"2022-06-13","1 wk ahead inc flu hosp","2022-06-18","38","quantile",0.1,0
"2022-06-13","1 wk ahead inc flu hosp","2022-06-18","38","quantile",0.15,0
"2022-06-13","1 wk ahead inc flu hosp","2022-06-18","38","quantile",0.2,0
"2022-06-13","1 wk ahead inc flu hosp","2022-06-18","38","quantile",0.25,0
"2022-06-13","1 wk ahead inc flu hosp","2022-06-18","38","quantile",0.3,0
"2022-06-13","1 wk ahead inc flu hosp","2022-06-18","38","quantile",0.35,0
"2022-06-13","1 wk ahead inc flu hosp","2022-06-18","38","quantile",0.4,1
"2022-06-13","1 wk ahead inc flu hosp","2022-06-18","38","quantile",0.45,2
"2022-06-13","1 wk ahead inc flu hosp","2022-06-18","38","quantile",0.5,2
"2022-06-13","1 wk ahead inc flu hosp","2022-06-18","38","quantile",0.55,3
"2022-06-13","1 wk ahead inc flu hosp","2022-06-18","38","quantile",0.6,5
"2022-06-13","1 wk ahead inc flu hosp","2022-06-18","38","quantile",0.65,6
"2022-06-13","1 wk ahead inc flu hosp","2022-06-18","38","quantile",0.7,8
"2022-06-13","1 wk ahead inc flu hosp","2022-06-18","38","quantile",0.75,11
"2022-06-13","1 wk ahead inc flu hosp","2022-06-18","38","quantile",0.8,14
"2022-06-13","1 wk ahead inc flu hosp","2022-06-18","38","quantile",0.85,18
"2022-06-13","1 wk ahead inc flu hosp","2022-06-18","38","quantile",0.9,24
"2022-06-13","1 wk ahead inc flu hosp","2022-06-18","38","quantile",0.95,34
"2022-06-13","1 wk ahead inc flu hosp","2022-06-18","38","quantile",0.975,45
"2022-06-13","1 wk ahead inc flu hosp","2022-06-18","38","quantile",0.99,59
"2022-06-13","2 wk ahead inc flu hosp","2022-06-25","38","quantile",0.01,0
"2022-06-13","2 wk ahead inc flu hosp","2022-06-25","38","quantile",0.025,0
"2022-06-13","2 wk ahead inc flu hosp","2022-06-25","38","quantile",0.05,0
"2022-06-13","2 wk ahead inc flu hosp","2022-06-25","38","quantile",0.1,0
"2022-06-13","2 wk ahead inc flu hosp","2022-06-25","38","quantile",0.15,0
"2022-06-13","2 wk ahead inc flu hosp","2022-06-25","38","quantile",0.2,0
"2022-06-13","2 wk ahead inc flu hosp","2022-06-25","38","quantile",0.25,0
"2022-06-13","2 wk ahead inc flu hosp","2022-06-25","38","quantile",0.3,0
"2022-06-13","2 wk ahead inc flu hosp","2022-06-25","38","quantile",0.35,0
"2022-06-13","2 wk ahead inc flu hosp","2022-06-25","38","quantile",0.4,1
"2022-06-13","2 wk ahead inc flu hosp","2022-06-25","38","quantile",0.45,2
"2022-06-13","2 wk ahead inc flu hosp","2022-06-25","38","quantile",0.5,3
"2022-06-13","2 wk ahead inc flu hosp","2022-06-25","38","quantile",0.55,5
"2022-06-13","2 wk ahead inc flu hosp","2022-06-25","38","quantile",0.6,7
"2022-06-13","2 wk ahead inc flu hosp","2022-06-25","38","quantile",0.65,10
"2022-06-13","2 wk ahead inc flu hosp","2022-06-25","38","quantile",0.7,14
"2022-06-13","2 wk ahead inc flu hosp","2022-06-25","38","quantile",0.75,19
"2022-06-13","2 wk ahead inc flu hosp","2022-06-25","38","quantile",0.8,25
"2022-06-13","2 wk ahead inc flu hosp","2022-06-25","38","quantile",0.85,32
"2022-06-13","2 wk ahead inc flu hosp","2022-06-25","38","quantile",0.9,44
"2022-06-13","2 wk ahead inc flu hosp","2022-06-25","38","quantile",0.95,63
"2022-06-13","2 wk ahead inc flu hosp","2022-06-25","38","quantile",0.975,84
"2022-06-13","2 wk ahead inc flu hosp","2022-06-25","38","quantile",0.99,111
"2022-06-13","3 wk ahead inc flu hosp","2022-07-02","38","quantile",0.01,0
"2022-06-13","3 wk ahead inc flu hosp","2022-07-02","38","quantile",0.025,0
"2022-06-13","3 wk ahead inc flu hosp","2022-07-02","38","quantile",0.05,0
"2022-06-13","3 wk ahead inc flu hosp","2022-07-02","38","quantile",0.1,0
"2022-06-13","3 wk ahead inc flu hosp","2022-07-02","38","quantile",0.15,0
"2022-06-13","3 wk ahead inc flu hosp","2022-07-02","38","quantile",0.2,0
"2022-06-13","3 wk ahead inc flu hosp","2022-07-02","38","quantile",0.25,0
"2022-06-13","3 wk ahead inc flu hosp","2022-07-02","38","quantile",0.3,0
"2022-06-13","3 wk ahead inc flu hosp","2022-07-02","38","quantile",0.35,0
"2022-06-13","3 wk ahead inc flu hosp","2022-07-02","38","quantile",0.4,1
"2022-06-13","3 wk ahead inc flu hosp","2022-07-02","38","quantile",0.45,2
"2022-06-13","3 wk ahead inc flu hosp","2022-07-02","38","quantile",0.5,3
"2022-06-13","3 wk ahead inc flu hosp","2022-07-02","38","quantile",0.55,6
"2022-06-13","3 wk ahead inc flu hosp","2022-07-02","38","quantile",0.6,9
"2022-06-13","3 wk ahead inc flu hosp","2022-07-02","38","quantile",0.65,13
"2022-06-13","3 wk ahead inc flu hosp","2022-07-02","38","quantile",0.7,19
"2022-06-13","3 wk ahead inc flu hosp","2022-07-02","38","quantile",0.75,25
"2022-06-13","3 wk ahead inc flu hosp","2022-07-02","38","quantile",0.8,34
"2022-06-13","3 wk ahead inc flu hosp","2022-07-02","38","quantile",0.85,45
"2022-06-13","3 wk ahead inc flu hosp","2022-07-02","38","quantile",0.9,61
"2022-06-13","3 wk ahead inc flu hosp","2022-07-02","38","quantile",0.95,90
"2022-06-13","3 wk ahead inc flu hosp","2022-07-02","38","quantile",0.975,119
"2022-06-13","3 wk ahead inc flu hosp","2022-07-02","38","quantile",0.99,159
"2022-06-13","4 wk ahead inc flu hosp","2022-07-09","38","quantile",0.01,0
"2022-06-13","4 wk ahead inc flu hosp","2022-07-09","38","quantile",0.025,0
"2022-06-13","4 wk ahead inc flu hosp","2022-07-09","38","quantile",0.05,0
"2022-06-13","4 wk ahead inc flu hosp","2022-07-09","38","quantile",0.1,0
"2022-06-13","4 wk ahead inc flu hosp","2022-07-09","38","quantile",0.15,0
"2022-06-13","4 wk ahead inc flu hosp","2022-07-09","38","quantile",0.2,0
"2022-06-13","4 wk ahead inc flu hosp","2022-07-09","38","quantile",0.25,0
"2022-06-13","4 wk ahead inc flu hosp","2022-07-09","38","quantile",0.3,0
"2022-06-13","4 wk ahead inc flu hosp","2022-07-09","38","quantile",0.35,0
"2022-06-13","4 wk ahead inc flu hosp","2022-07-09","38","quantile",0.4,0
"2022-06-13","4 wk ahead inc flu hosp","2022-07-09","38","quantile",0.45,1
"2022-06-13","4 wk ahead inc flu hosp","2022-07-09","38","quantile",0.5,3
"2022-06-13","4 wk ahead inc flu hosp","2022-07-09","38","quantile",0.55,6
"2022-06-13","4 wk ahead inc flu hosp","2022-07-09","38","quantile",0.6,10
"2022-06-13","4 wk ahead inc flu hosp","2022-07-09","38","quantile",0.65,16
"2022-06-13","4 wk ahead inc flu hosp","2022-07-09","38","quantile",0.7,23
"2022-06-13","4 wk ahead inc flu hosp","2022-07-09","38","quantile",0.75,31
"2022-06-13","4 wk ahead inc flu hosp","2022-07-09","38","quantile",0.8,42
"2022-06-13","4 wk ahead inc flu hosp","2022-07-09","38","quantile",0.85,56
"2022-06-13","4 wk ahead inc flu hosp","2022-07-09","38","quantile",0.9,78
"2022-06-13","4 wk ahead inc flu hosp","2022-07-09","38","quantile",0.95,115
"2022-06-13","4 wk ahead inc flu hosp","2022-07-09","38","quantile",0.975,153
"2022-06-13","4 wk ahead inc flu hosp","2022-07-09","38","quantile",0.99,206
"2022-06-13","1 wk ahead inc flu hosp","2022-06-18","38","point",NA,2
"2022-06-13","2 wk ahead inc flu hosp","2022-06-25","38","point",NA,3
"2022-06-13","3 wk ahead inc flu hosp","2022-07-02","38","point",NA,3
"2022-06-13","4 wk ahead inc flu hosp","2022-07-09","38","point",NA,3
"2022-06-13","1 wk ahead inc flu hosp","2022-06-18","39","quantile",0.01,0
"2022-06-13","1 wk ahead inc flu hosp","2022-06-18","39","quantile",0.025,0
"2022-06-13","1 wk ahead inc flu hosp","2022-06-18","39","quantile",0.05,1
"2022-06-13","1 wk ahead inc flu hosp","2022-06-18","39","quantile",0.1,2
"2022-06-13","1 wk ahead inc flu hosp","2022-06-18","39","quantile",0.15,5
"2022-06-13","1 wk ahead inc flu hosp","2022-06-18","39","quantile",0.2,9
"2022-06-13","1 wk ahead inc flu hosp","2022-06-18","39","quantile",0.25,12
"2022-06-13","1 wk ahead inc flu hosp","2022-06-18","39","quantile",0.3,17
"2022-06-13","1 wk ahead inc flu hosp","2022-06-18","39","quantile",0.35,22
"2022-06-13","1 wk ahead inc flu hosp","2022-06-18","39","quantile",0.4,27
"2022-06-13","1 wk ahead inc flu hosp","2022-06-18","39","quantile",0.45,32
"2022-06-13","1 wk ahead inc flu hosp","2022-06-18","39","quantile",0.5,39
"2022-06-13","1 wk ahead inc flu hosp","2022-06-18","39","quantile",0.55,45
"2022-06-13","1 wk ahead inc flu hosp","2022-06-18","39","quantile",0.6,53
"2022-06-13","1 wk ahead inc flu hosp","2022-06-18","39","quantile",0.65,61
"2022-06-13","1 wk ahead inc flu hosp","2022-06-18","39","quantile",0.7,70
"2022-06-13","1 wk ahead inc flu hosp","2022-06-18","39","quantile",0.75,81
"2022-06-13","1 wk ahead inc flu hosp","2022-06-18","39","quantile",0.8,94
"2022-06-13","1 wk ahead inc flu hosp","2022-06-18","39","quantile",0.85,110
"2022-06-13","1 wk ahead inc flu hosp","2022-06-18","39","quantile",0.9,132
"2022-06-13","1 wk ahead inc flu hosp","2022-06-18","39","quantile",0.95,168
"2022-06-13","1 wk ahead inc flu hosp","2022-06-18","39","quantile",0.975,203
"2022-06-13","1 wk ahead inc flu hosp","2022-06-18","39","quantile",0.99,248
"2022-06-13","2 wk ahead inc flu hosp","2022-06-25","39","quantile",0.01,0
"2022-06-13","2 wk ahead inc flu hosp","2022-06-25","39","quantile",0.025,0
"2022-06-13","2 wk ahead inc flu hosp","2022-06-25","39","quantile",0.05,0
"2022-06-13","2 wk ahead inc flu hosp","2022-06-25","39","quantile",0.1,0
"2022-06-13","2 wk ahead inc flu hosp","2022-06-25","39","quantile",0.15,0
"2022-06-13","2 wk ahead inc flu hosp","2022-06-25","39","quantile",0.2,2
"2022-06-13","2 wk ahead inc flu hosp","2022-06-25","39","quantile",0.25,5
"2022-06-13","2 wk ahead inc flu hosp","2022-06-25","39","quantile",0.3,9
"2022-06-13","2 wk ahead inc flu hosp","2022-06-25","39","quantile",0.35,15
"2022-06-13","2 wk ahead inc flu hosp","2022-06-25","39","quantile",0.4,22
"2022-06-13","2 wk ahead inc flu hosp","2022-06-25","39","quantile",0.45,30
"2022-06-13","2 wk ahead inc flu hosp","2022-06-25","39","quantile",0.5,39
"2022-06-13","2 wk ahead inc flu hosp","2022-06-25","39","quantile",0.55,50
"2022-06-13","2 wk ahead inc flu hosp","2022-06-25","39","quantile",0.6,62
"2022-06-13","2 wk ahead inc flu hosp","2022-06-25","39","quantile",0.65,76
"2022-06-13","2 wk ahead inc flu hosp","2022-06-25","39","quantile",0.7,92
"2022-06-13","2 wk ahead inc flu hosp","2022-06-25","39","quantile",0.75,111
"2022-06-13","2 wk ahead inc flu hosp","2022-06-25","39","quantile",0.8,135
"2022-06-13","2 wk ahead inc flu hosp","2022-06-25","39","quantile",0.85,164
"2022-06-13","2 wk ahead inc flu hosp","2022-06-25","39","quantile",0.9,208
"2022-06-13","2 wk ahead inc flu hosp","2022-06-25","39","quantile",0.95,281
"2022-06-13","2 wk ahead inc flu hosp","2022-06-25","39","quantile",0.975,350
"2022-06-13","2 wk ahead inc flu hosp","2022-06-25","39","quantile",0.99,443
"2022-06-13","3 wk ahead inc flu hosp","2022-07-02","39","quantile",0.01,0
"2022-06-13","3 wk ahead inc flu hosp","2022-07-02","39","quantile",0.025,0
"2022-06-13","3 wk ahead inc flu hosp","2022-07-02","39","quantile",0.05,0
"2022-06-13","3 wk ahead inc flu hosp","2022-07-02","39","quantile",0.1,0
"2022-06-13","3 wk ahead inc flu hosp","2022-07-02","39","quantile",0.15,0
"2022-06-13","3 wk ahead inc flu hosp","2022-07-02","39","quantile",0.2,0
"2022-06-13","3 wk ahead inc flu hosp","2022-07-02","39","quantile",0.25,2
"2022-06-13","3 wk ahead inc flu hosp","2022-07-02","39","quantile",0.3,5
"2022-06-13","3 wk ahead inc flu hosp","2022-07-02","39","quantile",0.35,10
"2022-06-13","3 wk ahead inc flu hosp","2022-07-02","39","quantile",0.4,18
"2022-06-13","3 wk ahead inc flu hosp","2022-07-02","39","quantile",0.45,28
"2022-06-13","3 wk ahead inc flu hosp","2022-07-02","39","quantile",0.5,39
"2022-06-13","3 wk ahead inc flu hosp","2022-07-02","39","quantile",0.55,53
"2022-06-13","3 wk ahead inc flu hosp","2022-07-02","39","quantile",0.6,69
"2022-06-13","3 wk ahead inc flu hosp","2022-07-02","39","quantile",0.65,88
"2022-06-13","3 wk ahead inc flu hosp","2022-07-02","39","quantile",0.7,110
"2022-06-13","3 wk ahead inc flu hosp","2022-07-02","39","quantile",0.75,136
"2022-06-13","3 wk ahead inc flu hosp","2022-07-02","39","quantile",0.8,169
"2022-06-13","3 wk ahead inc flu hosp","2022-07-02","39","quantile",0.85,211
"2022-06-13","3 wk ahead inc flu hosp","2022-07-02","39","quantile",0.9,272
"2022-06-13","3 wk ahead inc flu hosp","2022-07-02","39","quantile",0.95,377
"2022-06-13","3 wk ahead inc flu hosp","2022-07-02","39","quantile",0.975,479
"2022-06-13","3 wk ahead inc flu hosp","2022-07-02","39","quantile",0.99,613
"2022-06-13","4 wk ahead inc flu hosp","2022-07-09","39","quantile",0.01,0
"2022-06-13","4 wk ahead inc flu hosp","2022-07-09","39","quantile",0.025,0
"2022-06-13","4 wk ahead inc flu hosp","2022-07-09","39","quantile",0.05,0
"2022-06-13","4 wk ahead inc flu hosp","2022-07-09","39","quantile",0.1,0
"2022-06-13","4 wk ahead inc flu hosp","2022-07-09","39","quantile",0.15,0
"2022-06-13","4 wk ahead inc flu hosp","2022-07-09","39","quantile",0.2,0
"2022-06-13","4 wk ahead inc flu hosp","2022-07-09","39","quantile",0.25,1
"2022-06-13","4 wk ahead inc flu hosp","2022-07-09","39","quantile",0.3,3
"2022-06-13","4 wk ahead inc flu hosp","2022-07-09","39","quantile",0.35,8
"2022-06-13","4 wk ahead inc flu hosp","2022-07-09","39","quantile",0.4,15
"2022-06-13","4 wk ahead inc flu hosp","2022-07-09","39","quantile",0.45,26
"2022-06-13","4 wk ahead inc flu hosp","2022-07-09","39","quantile",0.5,39
"2022-06-13","4 wk ahead inc flu hosp","2022-07-09","39","quantile",0.55,56
"2022-06-13","4 wk ahead inc flu hosp","2022-07-09","39","quantile",0.6,75
"2022-06-13","4 wk ahead inc flu hosp","2022-07-09","39","quantile",0.65,98
"2022-06-13","4 wk ahead inc flu hosp","2022-07-09","39","quantile",0.7,124
"2022-06-13","4 wk ahead inc flu hosp","2022-07-09","39","quantile",0.75,158
"2022-06-13","4 wk ahead inc flu hosp","2022-07-09","39","quantile",0.8,199
"2022-06-13","4 wk ahead inc flu hosp","2022-07-09","39","quantile",0.85,253
"2022-06-13","4 wk ahead inc flu hosp","2022-07-09","39","quantile",0.9,331
"2022-06-13","4 wk ahead inc flu hosp","2022-07-09","39","quantile",0.95,465
"2022-06-13","4 wk ahead inc flu hosp","2022-07-09","39","quantile",0.975,599
"2022-06-13","4 wk ahead inc flu hosp","2022-07-09","39","quantile",0.99,782
"2022-06-13","1 wk ahead inc flu hosp","2022-06-18","39","point",NA,39
"2022-06-13","2 wk ahead inc flu hosp","2022-06-25","39","point",NA,39
"2022-06-13","3 wk ahead inc flu hosp","2022-07-02","39","point",NA,39
"2022-06-13","4 wk ahead inc flu hosp","2022-07-09","39","point",NA,39
"2022-06-13","1 wk ahead inc flu hosp","2022-06-18","40","quantile",0.01,0
"2022-06-13","1 wk ahead inc flu hosp","2022-06-18","40","quantile",0.025,1
"2022-06-13","1 wk ahead inc flu hosp","2022-06-18","40","quantile",0.05,2
"2022-06-13","1 wk ahead inc flu hosp","2022-06-18","40","quantile",0.1,4
"2022-06-13","1 wk ahead inc flu hosp","2022-06-18","40","quantile",0.15,6
"2022-06-13","1 wk ahead inc flu hosp","2022-06-18","40","quantile",0.2,9
"2022-06-13","1 wk ahead inc flu hosp","2022-06-18","40","quantile",0.25,12
"2022-06-13","1 wk ahead inc flu hosp","2022-06-18","40","quantile",0.3,16
"2022-06-13","1 wk ahead inc flu hosp","2022-06-18","40","quantile",0.35,19
"2022-06-13","1 wk ahead inc flu hosp","2022-06-18","40","quantile",0.4,23
"2022-06-13","1 wk ahead inc flu hosp","2022-06-18","40","quantile",0.45,26
"2022-06-13","1 wk ahead inc flu hosp","2022-06-18","40","quantile",0.5,30
"2022-06-13","1 wk ahead inc flu hosp","2022-06-18","40","quantile",0.55,34
"2022-06-13","1 wk ahead inc flu hosp","2022-06-18","40","quantile",0.6,38
"2022-06-13","1 wk ahead inc flu hosp","2022-06-18","40","quantile",0.65,43
"2022-06-13","1 wk ahead inc flu hosp","2022-06-18","40","quantile",0.7,48
"2022-06-13","1 wk ahead inc flu hosp","2022-06-18","40","quantile",0.75,54
"2022-06-13","1 wk ahead inc flu hosp","2022-06-18","40","quantile",0.8,61
"2022-06-13","1 wk ahead inc flu hosp","2022-06-18","40","quantile",0.85,70
"2022-06-13","1 wk ahead inc flu hosp","2022-06-18","40","quantile",0.9,82
"2022-06-13","1 wk ahead inc flu hosp","2022-06-18","40","quantile",0.95,100
"2022-06-13","1 wk ahead inc flu hosp","2022-06-18","40","quantile",0.975,117
"2022-06-13","1 wk ahead inc flu hosp","2022-06-18","40","quantile",0.99,137
"2022-06-13","2 wk ahead inc flu hosp","2022-06-25","40","quantile",0.01,0
"2022-06-13","2 wk ahead inc flu hosp","2022-06-25","40","quantile",0.025,0
"2022-06-13","2 wk ahead inc flu hosp","2022-06-25","40","quantile",0.05,0
"2022-06-13","2 wk ahead inc flu hosp","2022-06-25","40","quantile",0.1,0
"2022-06-13","2 wk ahead inc flu hosp","2022-06-25","40","quantile",0.15,1
"2022-06-13","2 wk ahead inc flu hosp","2022-06-25","40","quantile",0.2,3
"2022-06-13","2 wk ahead inc flu hosp","2022-06-25","40","quantile",0.25,6
"2022-06-13","2 wk ahead inc flu hosp","2022-06-25","40","quantile",0.3,10
"2022-06-13","2 wk ahead inc flu hosp","2022-06-25","40","quantile",0.35,14
"2022-06-13","2 wk ahead inc flu hosp","2022-06-25","40","quantile",0.4,19
"2022-06-13","2 wk ahead inc flu hosp","2022-06-25","40","quantile",0.45,24
"2022-06-13","2 wk ahead inc flu hosp","2022-06-25","40","quantile",0.5,30
"2022-06-13","2 wk ahead inc flu hosp","2022-06-25","40","quantile",0.55,36
"2022-06-13","2 wk ahead inc flu hosp","2022-06-25","40","quantile",0.6,43
"2022-06-13","2 wk ahead inc flu hosp","2022-06-25","40","quantile",0.65,51
"2022-06-13","2 wk ahead inc flu hosp","2022-06-25","40","quantile",0.7,60
"2022-06-13","2 wk ahead inc flu hosp","2022-06-25","40","quantile",0.75,71
"2022-06-13","2 wk ahead inc flu hosp","2022-06-25","40","quantile",0.8,83
"2022-06-13","2 wk ahead inc flu hosp","2022-06-25","40","quantile",0.85,99
"2022-06-13","2 wk ahead inc flu hosp","2022-06-25","40","quantile",0.9,120
"2022-06-13","2 wk ahead inc flu hosp","2022-06-25","40","quantile",0.95,155
"2022-06-13","2 wk ahead inc flu hosp","2022-06-25","40","quantile",0.975,189
"2022-06-13","2 wk ahead inc flu hosp","2022-06-25","40","quantile",0.99,232
"2022-06-13","3 wk ahead inc flu hosp","2022-07-02","40","quantile",0.01,0
"2022-06-13","3 wk ahead inc flu hosp","2022-07-02","40","quantile",0.025,0
"2022-06-13","3 wk ahead inc flu hosp","2022-07-02","40","quantile",0.05,0
"2022-06-13","3 wk ahead inc flu hosp","2022-07-02","40","quantile",0.1,0
"2022-06-13","3 wk ahead inc flu hosp","2022-07-02","40","quantile",0.15,0
"2022-06-13","3 wk ahead inc flu hosp","2022-07-02","40","quantile",0.2,1
"2022-06-13","3 wk ahead inc flu hosp","2022-07-02","40","quantile",0.25,3
"2022-06-13","3 wk ahead inc flu hosp","2022-07-02","40","quantile",0.3,7
"2022-06-13","3 wk ahead inc flu hosp","2022-07-02","40","quantile",0.35,11
"2022-06-13","3 wk ahead inc flu hosp","2022-07-02","40","quantile",0.4,16
"2022-06-13","3 wk ahead inc flu hosp","2022-07-02","40","quantile",0.45,23
"2022-06-13","3 wk ahead inc flu hosp","2022-07-02","40","quantile",0.5,30
"2022-06-13","3 wk ahead inc flu hosp","2022-07-02","40","quantile",0.55,38
"2022-06-13","3 wk ahead inc flu hosp","2022-07-02","40","quantile",0.6,47
"2022-06-13","3 wk ahead inc flu hosp","2022-07-02","40","quantile",0.65,58
"2022-06-13","3 wk ahead inc flu hosp","2022-07-02","40","quantile",0.7,70
"2022-06-13","3 wk ahead inc flu hosp","2022-07-02","40","quantile",0.75,84
"2022-06-13","3 wk ahead inc flu hosp","2022-07-02","40","quantile",0.8,101
"2022-06-13","3 wk ahead inc flu hosp","2022-07-02","40","quantile",0.85,123
"2022-06-13","3 wk ahead inc flu hosp","2022-07-02","40","quantile",0.9,153
"2022-06-13","3 wk ahead inc flu hosp","2022-07-02","40","quantile",0.95,203
"2022-06-13","3 wk ahead inc flu hosp","2022-07-02","40","quantile",0.975,251
"2022-06-13","3 wk ahead inc flu hosp","2022-07-02","40","quantile",0.99,316
"2022-06-13","4 wk ahead inc flu hosp","2022-07-09","40","quantile",0.01,0
"2022-06-13","4 wk ahead inc flu hosp","2022-07-09","40","quantile",0.025,0
"2022-06-13","4 wk ahead inc flu hosp","2022-07-09","40","quantile",0.05,0
"2022-06-13","4 wk ahead inc flu hosp","2022-07-09","40","quantile",0.1,0
"2022-06-13","4 wk ahead inc flu hosp","2022-07-09","40","quantile",0.15,0
"2022-06-13","4 wk ahead inc flu hosp","2022-07-09","40","quantile",0.2,0
"2022-06-13","4 wk ahead inc flu hosp","2022-07-09","40","quantile",0.25,2
"2022-06-13","4 wk ahead inc flu hosp","2022-07-09","40","quantile",0.3,4
"2022-06-13","4 wk ahead inc flu hosp","2022-07-09","40","quantile",0.35,9
"2022-06-13","4 wk ahead inc flu hosp","2022-07-09","40","quantile",0.4,15
"2022-06-13","4 wk ahead inc flu hosp","2022-07-09","40","quantile",0.45,22
"2022-06-13","4 wk ahead inc flu hosp","2022-07-09","40","quantile",0.5,30
"2022-06-13","4 wk ahead inc flu hosp","2022-07-09","40","quantile",0.55,40
"2022-06-13","4 wk ahead inc flu hosp","2022-07-09","40","quantile",0.6,51
"2022-06-13","4 wk ahead inc flu hosp","2022-07-09","40","quantile",0.65,63
"2022-06-13","4 wk ahead inc flu hosp","2022-07-09","40","quantile",0.7,78
"2022-06-13","4 wk ahead inc flu hosp","2022-07-09","40","quantile",0.75,95
"2022-06-13","4 wk ahead inc flu hosp","2022-07-09","40","quantile",0.8,117
"2022-06-13","4 wk ahead inc flu hosp","2022-07-09","40","quantile",0.85,144
"2022-06-13","4 wk ahead inc flu hosp","2022-07-09","40","quantile",0.9,183
"2022-06-13","4 wk ahead inc flu hosp","2022-07-09","40","quantile",0.95,246
"2022-06-13","4 wk ahead inc flu hosp","2022-07-09","40","quantile",0.975,312
"2022-06-13","4 wk ahead inc flu hosp","2022-07-09","40","quantile",0.99,390
"2022-06-13","1 wk ahead inc flu hosp","2022-06-18","40","point",NA,30
"2022-06-13","2 wk ahead inc flu hosp","2022-06-25","40","point",NA,30
"2022-06-13","3 wk ahead inc flu hosp","2022-07-02","40","point",NA,30
"2022-06-13","4 wk ahead inc flu hosp","2022-07-09","40","point",NA,30
"2022-06-13","1 wk ahead inc flu hosp","2022-06-18","41","quantile",0.01,0
"2022-06-13","1 wk ahead inc flu hosp","2022-06-18","41","quantile",0.025,0
"2022-06-13","1 wk ahead inc flu hosp","2022-06-18","41","quantile",0.05,0
"2022-06-13","1 wk ahead inc flu hosp","2022-06-18","41","quantile",0.1,0
"2022-06-13","1 wk ahead inc flu hosp","2022-06-18","41","quantile",0.15,1
"2022-06-13","1 wk ahead inc flu hosp","2022-06-18","41","quantile",0.2,2
"2022-06-13","1 wk ahead inc flu hosp","2022-06-18","41","quantile",0.25,4
"2022-06-13","1 wk ahead inc flu hosp","2022-06-18","41","quantile",0.3,6
"2022-06-13","1 wk ahead inc flu hosp","2022-06-18","41","quantile",0.35,8
"2022-06-13","1 wk ahead inc flu hosp","2022-06-18","41","quantile",0.4,11
"2022-06-13","1 wk ahead inc flu hosp","2022-06-18","41","quantile",0.45,14
"2022-06-13","1 wk ahead inc flu hosp","2022-06-18","41","quantile",0.5,17
"2022-06-13","1 wk ahead inc flu hosp","2022-06-18","41","quantile",0.55,21
"2022-06-13","1 wk ahead inc flu hosp","2022-06-18","41","quantile",0.6,26
"2022-06-13","1 wk ahead inc flu hosp","2022-06-18","41","quantile",0.65,31
"2022-06-13","1 wk ahead inc flu hosp","2022-06-18","41","quantile",0.7,38
"2022-06-13","1 wk ahead inc flu hosp","2022-06-18","41","quantile",0.75,46
"2022-06-13","1 wk ahead inc flu hosp","2022-06-18","41","quantile",0.8,57
"2022-06-13","1 wk ahead inc flu hosp","2022-06-18","41","quantile",0.85,70
"2022-06-13","1 wk ahead inc flu hosp","2022-06-18","41","quantile",0.9,90
"2022-06-13","1 wk ahead inc flu hosp","2022-06-18","41","quantile",0.95,123
"2022-06-13","1 wk ahead inc flu hosp","2022-06-18","41","quantile",0.975,158
"2022-06-13","1 wk ahead inc flu hosp","2022-06-18","41","quantile",0.99,208
"2022-06-13","2 wk ahead inc flu hosp","2022-06-25","41","quantile",0.01,0
"2022-06-13","2 wk ahead inc flu hosp","2022-06-25","41","quantile",0.025,0
"2022-06-13","2 wk ahead inc flu hosp","2022-06-25","41","quantile",0.05,0
"2022-06-13","2 wk ahead inc flu hosp","2022-06-25","41","quantile",0.1,0
"2022-06-13","2 wk ahead inc flu hosp","2022-06-25","41","quantile",0.15,0
"2022-06-13","2 wk ahead inc flu hosp","2022-06-25","41","quantile",0.2,0
"2022-06-13","2 wk ahead inc flu hosp","2022-06-25","41","quantile",0.25,1
"2022-06-13","2 wk ahead inc flu hosp","2022-06-25","41","quantile",0.3,2
"2022-06-13","2 wk ahead inc flu hosp","2022-06-25","41","quantile",0.35,4
"2022-06-13","2 wk ahead inc flu hosp","2022-06-25","41","quantile",0.4,8
"2022-06-13","2 wk ahead inc flu hosp","2022-06-25","41","quantile",0.45,13
"2022-06-13","2 wk ahead inc flu hosp","2022-06-25","41","quantile",0.5,18
"2022-06-13","2 wk ahead inc flu hosp","2022-06-25","41","quantile",0.55,25
"2022-06-13","2 wk ahead inc flu hosp","2022-06-25","41","quantile",0.6,34
"2022-06-13","2 wk ahead inc flu hosp","2022-06-25","41","quantile",0.65,44
"2022-06-13","2 wk ahead inc flu hosp","2022-06-25","41","quantile",0.7,56
"2022-06-13","2 wk ahead inc flu hosp","2022-06-25","41","quantile",0.75,72
"2022-06-13","2 wk ahead inc flu hosp","2022-06-25","41","quantile",0.8,90
"2022-06-13","2 wk ahead inc flu hosp","2022-06-25","41","quantile",0.85,115
"2022-06-13","2 wk ahead inc flu hosp","2022-06-25","41","quantile",0.9,150
"2022-06-13","2 wk ahead inc flu hosp","2022-06-25","41","quantile",0.95,214
"2022-06-13","2 wk ahead inc flu hosp","2022-06-25","41","quantile",0.975,283
"2022-06-13","2 wk ahead inc flu hosp","2022-06-25","41","quantile",0.99,372
"2022-06-13","3 wk ahead inc flu hosp","2022-07-02","41","quantile",0.01,0
"2022-06-13","3 wk ahead inc flu hosp","2022-07-02","41","quantile",0.025,0
"2022-06-13","3 wk ahead inc flu hosp","2022-07-02","41","quantile",0.05,0
"2022-06-13","3 wk ahead inc flu hosp","2022-07-02","41","quantile",0.1,0
"2022-06-13","3 wk ahead inc flu hosp","2022-07-02","41","quantile",0.15,0
"2022-06-13","3 wk ahead inc flu hosp","2022-07-02","41","quantile",0.2,0
"2022-06-13","3 wk ahead inc flu hosp","2022-07-02","41","quantile",0.25,0
"2022-06-13","3 wk ahead inc flu hosp","2022-07-02","41","quantile",0.3,1
"2022-06-13","3 wk ahead inc flu hosp","2022-07-02","41","quantile",0.35,2
"2022-06-13","3 wk ahead inc flu hosp","2022-07-02","41","quantile",0.4,6
"2022-06-13","3 wk ahead inc flu hosp","2022-07-02","41","quantile",0.45,11
"2022-06-13","3 wk ahead inc flu hosp","2022-07-02","41","quantile",0.5,19
"2022-06-13","3 wk ahead inc flu hosp","2022-07-02","41","quantile",0.55,28
"2022-06-13","3 wk ahead inc flu hosp","2022-07-02","41","quantile",0.6,40
"2022-06-13","3 wk ahead inc flu hosp","2022-07-02","41","quantile",0.65,54
"2022-06-13","3 wk ahead inc flu hosp","2022-07-02","41","quantile",0.7,71
"2022-06-13","3 wk ahead inc flu hosp","2022-07-02","41","quantile",0.75,91
"2022-06-13","3 wk ahead inc flu hosp","2022-07-02","41","quantile",0.8,118
"2022-06-13","3 wk ahead inc flu hosp","2022-07-02","41","quantile",0.85,154
"2022-06-13","3 wk ahead inc flu hosp","2022-07-02","41","quantile",0.9,206
"2022-06-13","3 wk ahead inc flu hosp","2022-07-02","41","quantile",0.95,298
"2022-06-13","3 wk ahead inc flu hosp","2022-07-02","41","quantile",0.975,401
"2022-06-13","3 wk ahead inc flu hosp","2022-07-02","41","quantile",0.99,534
"2022-06-13","4 wk ahead inc flu hosp","2022-07-09","41","quantile",0.01,0
"2022-06-13","4 wk ahead inc flu hosp","2022-07-09","41","quantile",0.025,0
"2022-06-13","4 wk ahead inc flu hosp","2022-07-09","41","quantile",0.05,0
"2022-06-13","4 wk ahead inc flu hosp","2022-07-09","41","quantile",0.1,0
"2022-06-13","4 wk ahead inc flu hosp","2022-07-09","41","quantile",0.15,0
"2022-06-13","4 wk ahead inc flu hosp","2022-07-09","41","quantile",0.2,0
"2022-06-13","4 wk ahead inc flu hosp","2022-07-09","41","quantile",0.25,0
"2022-06-13","4 wk ahead inc flu hosp","2022-07-09","41","quantile",0.3,0
"2022-06-13","4 wk ahead inc flu hosp","2022-07-09","41","quantile",0.35,1
"2022-06-13","4 wk ahead inc flu hosp","2022-07-09","41","quantile",0.4,5
"2022-06-13","4 wk ahead inc flu hosp","2022-07-09","41","quantile",0.45,10
"2022-06-13","4 wk ahead inc flu hosp","2022-07-09","41","quantile",0.5,19
"2022-06-13","4 wk ahead inc flu hosp","2022-07-09","41","quantile",0.55,30
"2022-06-13","4 wk ahead inc flu hosp","2022-07-09","41","quantile",0.6,45
"2022-06-13","4 wk ahead inc flu hosp","2022-07-09","41","quantile",0.65,63
"2022-06-13","4 wk ahead inc flu hosp","2022-07-09","41","quantile",0.7,85
"2022-06-13","4 wk ahead inc flu hosp","2022-07-09","41","quantile",0.75,112
"2022-06-13","4 wk ahead inc flu hosp","2022-07-09","41","quantile",0.8,147
"2022-06-13","4 wk ahead inc flu hosp","2022-07-09","41","quantile",0.85,193
"2022-06-13","4 wk ahead inc flu hosp","2022-07-09","41","quantile",0.9,261
"2022-06-13","4 wk ahead inc flu hosp","2022-07-09","41","quantile",0.95,381
"2022-06-13","4 wk ahead inc flu hosp","2022-07-09","41","quantile",0.975,507
"2022-06-13","4 wk ahead inc flu hosp","2022-07-09","41","quantile",0.99,686
"2022-06-13","1 wk ahead inc flu hosp","2022-06-18","41","point",NA,17
"2022-06-13","2 wk ahead inc flu hosp","2022-06-25","41","point",NA,18
"2022-06-13","3 wk ahead inc flu hosp","2022-07-02","41","point",NA,19
"2022-06-13","4 wk ahead inc flu hosp","2022-07-09","41","point",NA,19
"2022-06-13","1 wk ahead inc flu hosp","2022-06-18","42","quantile",0.01,2
"2022-06-13","1 wk ahead inc flu hosp","2022-06-18","42","quantile",0.025,5
"2022-06-13","1 wk ahead inc flu hosp","2022-06-18","42","quantile",0.05,9
"2022-06-13","1 wk ahead inc flu hosp","2022-06-18","42","quantile",0.1,16
"2022-06-13","1 wk ahead inc flu hosp","2022-06-18","42","quantile",0.15,23
"2022-06-13","1 wk ahead inc flu hosp","2022-06-18","42","quantile",0.2,29
"2022-06-13","1 wk ahead inc flu hosp","2022-06-18","42","quantile",0.25,35
"2022-06-13","1 wk ahead inc flu hosp","2022-06-18","42","quantile",0.3,41
"2022-06-13","1 wk ahead inc flu hosp","2022-06-18","42","quantile",0.35,47
"2022-06-13","1 wk ahead inc flu hosp","2022-06-18","42","quantile",0.4,53
"2022-06-13","1 wk ahead inc flu hosp","2022-06-18","42","quantile",0.45,59
"2022-06-13","1 wk ahead inc flu hosp","2022-06-18","42","quantile",0.5,65
"2022-06-13","1 wk ahead inc flu hosp","2022-06-18","42","quantile",0.55,72
"2022-06-13","1 wk ahead inc flu hosp","2022-06-18","42","quantile",0.6,79
"2022-06-13","1 wk ahead inc flu hosp","2022-06-18","42","quantile",0.65,87
"2022-06-13","1 wk ahead inc flu hosp","2022-06-18","42","quantile",0.7,95
"2022-06-13","1 wk ahead inc flu hosp","2022-06-18","42","quantile",0.75,105
"2022-06-13","1 wk ahead inc flu hosp","2022-06-18","42","quantile",0.8,116
"2022-06-13","1 wk ahead inc flu hosp","2022-06-18","42","quantile",0.85,130
"2022-06-13","1 wk ahead inc flu hosp","2022-06-18","42","quantile",0.9,148
"2022-06-13","1 wk ahead inc flu hosp","2022-06-18","42","quantile",0.95,176
"2022-06-13","1 wk ahead inc flu hosp","2022-06-18","42","quantile",0.975,202
"2022-06-13","1 wk ahead inc flu hosp","2022-06-18","42","quantile",0.99,234
"2022-06-13","2 wk ahead inc flu hosp","2022-06-25","42","quantile",0.01,0
"2022-06-13","2 wk ahead inc flu hosp","2022-06-25","42","quantile",0.025,0
"2022-06-13","2 wk ahead inc flu hosp","2022-06-25","42","quantile",0.05,0
"2022-06-13","2 wk ahead inc flu hosp","2022-06-25","42","quantile",0.1,3
"2022-06-13","2 wk ahead inc flu hosp","2022-06-25","42","quantile",0.15,8
"2022-06-13","2 wk ahead inc flu hosp","2022-06-25","42","quantile",0.2,15
"2022-06-13","2 wk ahead inc flu hosp","2022-06-25","42","quantile",0.25,22
"2022-06-13","2 wk ahead inc flu hosp","2022-06-25","42","quantile",0.3,30
"2022-06-13","2 wk ahead inc flu hosp","2022-06-25","42","quantile",0.35,38
"2022-06-13","2 wk ahead inc flu hosp","2022-06-25","42","quantile",0.4,47
"2022-06-13","2 wk ahead inc flu hosp","2022-06-25","42","quantile",0.45,56
"2022-06-13","2 wk ahead inc flu hosp","2022-06-25","42","quantile",0.5,66
"2022-06-13","2 wk ahead inc flu hosp","2022-06-25","42","quantile",0.55,76
"2022-06-13","2 wk ahead inc flu hosp","2022-06-25","42","quantile",0.6,88
"2022-06-13","2 wk ahead inc flu hosp","2022-06-25","42","quantile",0.65,100
"2022-06-13","2 wk ahead inc flu hosp","2022-06-25","42","quantile",0.7,114
"2022-06-13","2 wk ahead inc flu hosp","2022-06-25","42","quantile",0.75,130
"2022-06-13","2 wk ahead inc flu hosp","2022-06-25","42","quantile",0.8,149
"2022-06-13","2 wk ahead inc flu hosp","2022-06-25","42","quantile",0.85,173
"2022-06-13","2 wk ahead inc flu hosp","2022-06-25","42","quantile",0.9,207
"2022-06-13","2 wk ahead inc flu hosp","2022-06-25","42","quantile",0.95,259
"2022-06-13","2 wk ahead inc flu hosp","2022-06-25","42","quantile",0.975,309
"2022-06-13","2 wk ahead inc flu hosp","2022-06-25","42","quantile",0.99,374
"2022-06-13","3 wk ahead inc flu hosp","2022-07-02","42","quantile",0.01,0
"2022-06-13","3 wk ahead inc flu hosp","2022-07-02","42","quantile",0.025,0
"2022-06-13","3 wk ahead inc flu hosp","2022-07-02","42","quantile",0.05,0
"2022-06-13","3 wk ahead inc flu hosp","2022-07-02","42","quantile",0.1,1
"2022-06-13","3 wk ahead inc flu hosp","2022-07-02","42","quantile",0.15,3
"2022-06-13","3 wk ahead inc flu hosp","2022-07-02","42","quantile",0.2,8
"2022-06-13","3 wk ahead inc flu hosp","2022-07-02","42","quantile",0.25,15
"2022-06-13","3 wk ahead inc flu hosp","2022-07-02","42","quantile",0.3,23
"2022-06-13","3 wk ahead inc flu hosp","2022-07-02","42","quantile",0.35,32
"2022-06-13","3 wk ahead inc flu hosp","2022-07-02","42","quantile",0.4,42
"2022-06-13","3 wk ahead inc flu hosp","2022-07-02","42","quantile",0.45,54
"2022-06-13","3 wk ahead inc flu hosp","2022-07-02","42","quantile",0.5,65
"2022-06-13","3 wk ahead inc flu hosp","2022-07-02","42","quantile",0.55,79
"2022-06-13","3 wk ahead inc flu hosp","2022-07-02","42","quantile",0.6,94
"2022-06-13","3 wk ahead inc flu hosp","2022-07-02","42","quantile",0.65,111
"2022-06-13","3 wk ahead inc flu hosp","2022-07-02","42","quantile",0.7,129
"2022-06-13","3 wk ahead inc flu hosp","2022-07-02","42","quantile",0.75,151
"2022-06-13","3 wk ahead inc flu hosp","2022-07-02","42","quantile",0.8,177
"2022-06-13","3 wk ahead inc flu hosp","2022-07-02","42","quantile",0.85,211
"2022-06-13","3 wk ahead inc flu hosp","2022-07-02","42","quantile",0.9,255
"2022-06-13","3 wk ahead inc flu hosp","2022-07-02","42","quantile",0.95,330
"2022-06-13","3 wk ahead inc flu hosp","2022-07-02","42","quantile",0.975,401
"2022-06-13","3 wk ahead inc flu hosp","2022-07-02","42","quantile",0.99,493
"2022-06-13","4 wk ahead inc flu hosp","2022-07-09","42","quantile",0.01,0
"2022-06-13","4 wk ahead inc flu hosp","2022-07-09","42","quantile",0.025,0
"2022-06-13","4 wk ahead inc flu hosp","2022-07-09","42","quantile",0.05,0
"2022-06-13","4 wk ahead inc flu hosp","2022-07-09","42","quantile",0.1,0
"2022-06-13","4 wk ahead inc flu hosp","2022-07-09","42","quantile",0.15,1
"2022-06-13","4 wk ahead inc flu hosp","2022-07-09","42","quantile",0.2,4
"2022-06-13","4 wk ahead inc flu hosp","2022-07-09","42","quantile",0.25,10
"2022-06-13","4 wk ahead inc flu hosp","2022-07-09","42","quantile",0.3,18
"2022-06-13","4 wk ahead inc flu hosp","2022-07-09","42","quantile",0.35,27
"2022-06-13","4 wk ahead inc flu hosp","2022-07-09","42","quantile",0.4,39
"2022-06-13","4 wk ahead inc flu hosp","2022-07-09","42","quantile",0.45,51
"2022-06-13","4 wk ahead inc flu hosp","2022-07-09","42","quantile",0.5,65
"2022-06-13","4 wk ahead inc flu hosp","2022-07-09","42","quantile",0.55,81
"2022-06-13","4 wk ahead inc flu hosp","2022-07-09","42","quantile",0.6,99
"2022-06-13","4 wk ahead inc flu hosp","2022-07-09","42","quantile",0.65,119
"2022-06-13","4 wk ahead inc flu hosp","2022-07-09","42","quantile",0.7,142
"2022-06-13","4 wk ahead inc flu hosp","2022-07-09","42","quantile",0.75,168
"2022-06-13","4 wk ahead inc flu hosp","2022-07-09","42","quantile",0.8,200
"2022-06-13","4 wk ahead inc flu hosp","2022-07-09","42","quantile",0.85,241
"2022-06-13","4 wk ahead inc flu hosp","2022-07-09","42","quantile",0.9,297
"2022-06-13","4 wk ahead inc flu hosp","2022-07-09","42","quantile",0.95,394
"2022-06-13","4 wk ahead inc flu hosp","2022-07-09","42","quantile",0.975,488
"2022-06-13","4 wk ahead inc flu hosp","2022-07-09","42","quantile",0.99,603
"2022-06-13","1 wk ahead inc flu hosp","2022-06-18","42","point",NA,65
"2022-06-13","2 wk ahead inc flu hosp","2022-06-25","42","point",NA,66
"2022-06-13","3 wk ahead inc flu hosp","2022-07-02","42","point",NA,65
"2022-06-13","4 wk ahead inc flu hosp","2022-07-09","42","point",NA,65
"2022-06-13","1 wk ahead inc flu hosp","2022-06-18","44","quantile",0.01,0
"2022-06-13","1 wk ahead inc flu hosp","2022-06-18","44","quantile",0.025,0
"2022-06-13","1 wk ahead inc flu hosp","2022-06-18","44","quantile",0.05,0
"2022-06-13","1 wk ahead inc flu hosp","2022-06-18","44","quantile",0.1,0
"2022-06-13","1 wk ahead inc flu hosp","2022-06-18","44","quantile",0.15,0
"2022-06-13","1 wk ahead inc flu hosp","2022-06-18","44","quantile",0.2,0
"2022-06-13","1 wk ahead inc flu hosp","2022-06-18","44","quantile",0.25,0
"2022-06-13","1 wk ahead inc flu hosp","2022-06-18","44","quantile",0.3,0
"2022-06-13","1 wk ahead inc flu hosp","2022-06-18","44","quantile",0.35,1
"2022-06-13","1 wk ahead inc flu hosp","2022-06-18","44","quantile",0.4,1
"2022-06-13","1 wk ahead inc flu hosp","2022-06-18","44","quantile",0.45,2
"2022-06-13","1 wk ahead inc flu hosp","2022-06-18","44","quantile",0.5,2
"2022-06-13","1 wk ahead inc flu hosp","2022-06-18","44","quantile",0.55,3
"2022-06-13","1 wk ahead inc flu hosp","2022-06-18","44","quantile",0.6,4
"2022-06-13","1 wk ahead inc flu hosp","2022-06-18","44","quantile",0.65,5
"2022-06-13","1 wk ahead inc flu hosp","2022-06-18","44","quantile",0.7,6
"2022-06-13","1 wk ahead inc flu hosp","2022-06-18","44","quantile",0.75,8
"2022-06-13","1 wk ahead inc flu hosp","2022-06-18","44","quantile",0.8,10
"2022-06-13","1 wk ahead inc flu hosp","2022-06-18","44","quantile",0.85,12
"2022-06-13","1 wk ahead inc flu hosp","2022-06-18","44","quantile",0.9,15
"2022-06-13","1 wk ahead inc flu hosp","2022-06-18","44","quantile",0.95,21
"2022-06-13","1 wk ahead inc flu hosp","2022-06-18","44","quantile",0.975,26
"2022-06-13","1 wk ahead inc flu hosp","2022-06-18","44","quantile",0.99,33
"2022-06-13","2 wk ahead inc flu hosp","2022-06-25","44","quantile",0.01,0
"2022-06-13","2 wk ahead inc flu hosp","2022-06-25","44","quantile",0.025,0
"2022-06-13","2 wk ahead inc flu hosp","2022-06-25","44","quantile",0.05,0
"2022-06-13","2 wk ahead inc flu hosp","2022-06-25","44","quantile",0.1,0
"2022-06-13","2 wk ahead inc flu hosp","2022-06-25","44","quantile",0.15,0
"2022-06-13","2 wk ahead inc flu hosp","2022-06-25","44","quantile",0.2,0
"2022-06-13","2 wk ahead inc flu hosp","2022-06-25","44","quantile",0.25,0
"2022-06-13","2 wk ahead inc flu hosp","2022-06-25","44","quantile",0.3,0
"2022-06-13","2 wk ahead inc flu hosp","2022-06-25","44","quantile",0.35,0
"2022-06-13","2 wk ahead inc flu hosp","2022-06-25","44","quantile",0.4,1
"2022-06-13","2 wk ahead inc flu hosp","2022-06-25","44","quantile",0.45,1
"2022-06-13","2 wk ahead inc flu hosp","2022-06-25","44","quantile",0.5,2
"2022-06-13","2 wk ahead inc flu hosp","2022-06-25","44","quantile",0.55,3
"2022-06-13","2 wk ahead inc flu hosp","2022-06-25","44","quantile",0.6,5
"2022-06-13","2 wk ahead inc flu hosp","2022-06-25","44","quantile",0.65,7
"2022-06-13","2 wk ahead inc flu hosp","2022-06-25","44","quantile",0.7,9
"2022-06-13","2 wk ahead inc flu hosp","2022-06-25","44","quantile",0.75,12
"2022-06-13","2 wk ahead inc flu hosp","2022-06-25","44","quantile",0.8,16
"2022-06-13","2 wk ahead inc flu hosp","2022-06-25","44","quantile",0.85,20
"2022-06-13","2 wk ahead inc flu hosp","2022-06-25","44","quantile",0.9,26
"2022-06-13","2 wk ahead inc flu hosp","2022-06-25","44","quantile",0.95,37
"2022-06-13","2 wk ahead inc flu hosp","2022-06-25","44","quantile",0.975,47
"2022-06-13","2 wk ahead inc flu hosp","2022-06-25","44","quantile",0.99,60
"2022-06-13","3 wk ahead inc flu hosp","2022-07-02","44","quantile",0.01,0
"2022-06-13","3 wk ahead inc flu hosp","2022-07-02","44","quantile",0.025,0
"2022-06-13","3 wk ahead inc flu hosp","2022-07-02","44","quantile",0.05,0
"2022-06-13","3 wk ahead inc flu hosp","2022-07-02","44","quantile",0.1,0
"2022-06-13","3 wk ahead inc flu hosp","2022-07-02","44","quantile",0.15,0
"2022-06-13","3 wk ahead inc flu hosp","2022-07-02","44","quantile",0.2,0
"2022-06-13","3 wk ahead inc flu hosp","2022-07-02","44","quantile",0.25,0
"2022-06-13","3 wk ahead inc flu hosp","2022-07-02","44","quantile",0.3,0
"2022-06-13","3 wk ahead inc flu hosp","2022-07-02","44","quantile",0.35,0
"2022-06-13","3 wk ahead inc flu hosp","2022-07-02","44","quantile",0.4,1
"2022-06-13","3 wk ahead inc flu hosp","2022-07-02","44","quantile",0.45,1
"2022-06-13","3 wk ahead inc flu hosp","2022-07-02","44","quantile",0.5,2
"2022-06-13","3 wk ahead inc flu hosp","2022-07-02","44","quantile",0.55,4
"2022-06-13","3 wk ahead inc flu hosp","2022-07-02","44","quantile",0.6,6
"2022-06-13","3 wk ahead inc flu hosp","2022-07-02","44","quantile",0.65,9
"2022-06-13","3 wk ahead inc flu hosp","2022-07-02","44","quantile",0.7,12
"2022-06-13","3 wk ahead inc flu hosp","2022-07-02","44","quantile",0.75,16
"2022-06-13","3 wk ahead inc flu hosp","2022-07-02","44","quantile",0.8,21
"2022-06-13","3 wk ahead inc flu hosp","2022-07-02","44","quantile",0.85,27
"2022-06-13","3 wk ahead inc flu hosp","2022-07-02","44","quantile",0.9,36
"2022-06-13","3 wk ahead inc flu hosp","2022-07-02","44","quantile",0.95,52
"2022-06-13","3 wk ahead inc flu hosp","2022-07-02","44","quantile",0.975,66
"2022-06-13","3 wk ahead inc flu hosp","2022-07-02","44","quantile",0.99,87
"2022-06-13","4 wk ahead inc flu hosp","2022-07-09","44","quantile",0.01,0
"2022-06-13","4 wk ahead inc flu hosp","2022-07-09","44","quantile",0.025,0
"2022-06-13","4 wk ahead inc flu hosp","2022-07-09","44","quantile",0.05,0
"2022-06-13","4 wk ahead inc flu hosp","2022-07-09","44","quantile",0.1,0
"2022-06-13","4 wk ahead inc flu hosp","2022-07-09","44","quantile",0.15,0
"2022-06-13","4 wk ahead inc flu hosp","2022-07-09","44","quantile",0.2,0
"2022-06-13","4 wk ahead inc flu hosp","2022-07-09","44","quantile",0.25,0
"2022-06-13","4 wk ahead inc flu hosp","2022-07-09","44","quantile",0.3,0
"2022-06-13","4 wk ahead inc flu hosp","2022-07-09","44","quantile",0.35,0
"2022-06-13","4 wk ahead inc flu hosp","2022-07-09","44","quantile",0.4,1
"2022-06-13","4 wk ahead inc flu hosp","2022-07-09","44","quantile",0.45,1
"2022-06-13","4 wk ahead inc flu hosp","2022-07-09","44","quantile",0.5,2
"2022-06-13","4 wk ahead inc flu hosp","2022-07-09","44","quantile",0.55,4
"2022-06-13","4 wk ahead inc flu hosp","2022-07-09","44","quantile",0.6,7
"2022-06-13","4 wk ahead inc flu hosp","2022-07-09","44","quantile",0.65,10
"2022-06-13","4 wk ahead inc flu hosp","2022-07-09","44","quantile",0.7,14
"2022-06-13","4 wk ahead inc flu hosp","2022-07-09","44","quantile",0.75,19
"2022-06-13","4 wk ahead inc flu hosp","2022-07-09","44","quantile",0.8,25
"2022-06-13","4 wk ahead inc flu hosp","2022-07-09","44","quantile",0.85,34
"2022-06-13","4 wk ahead inc flu hosp","2022-07-09","44","quantile",0.9,45
"2022-06-13","4 wk ahead inc flu hosp","2022-07-09","44","quantile",0.95,65
"2022-06-13","4 wk ahead inc flu hosp","2022-07-09","44","quantile",0.975,85
"2022-06-13","4 wk ahead inc flu hosp","2022-07-09","44","quantile",0.99,111
"2022-06-13","1 wk ahead inc flu hosp","2022-06-18","44","point",NA,2
"2022-06-13","2 wk ahead inc flu hosp","2022-06-25","44","point",NA,2
"2022-06-13","3 wk ahead inc flu hosp","2022-07-02","44","point",NA,2
"2022-06-13","4 wk ahead inc flu hosp","2022-07-09","44","point",NA,2
"2022-06-13","1 wk ahead inc flu hosp","2022-06-18","45","quantile",0.01,0
"2022-06-13","1 wk ahead inc flu hosp","2022-06-18","45","quantile",0.025,0
"2022-06-13","1 wk ahead inc flu hosp","2022-06-18","45","quantile",0.05,1
"2022-06-13","1 wk ahead inc flu hosp","2022-06-18","45","quantile",0.1,3
"2022-06-13","1 wk ahead inc flu hosp","2022-06-18","45","quantile",0.15,6
"2022-06-13","1 wk ahead inc flu hosp","2022-06-18","45","quantile",0.2,9
"2022-06-13","1 wk ahead inc flu hosp","2022-06-18","45","quantile",0.25,13
"2022-06-13","1 wk ahead inc flu hosp","2022-06-18","45","quantile",0.3,17
"2022-06-13","1 wk ahead inc flu hosp","2022-06-18","45","quantile",0.35,22
"2022-06-13","1 wk ahead inc flu hosp","2022-06-18","45","quantile",0.4,27
"2022-06-13","1 wk ahead inc flu hosp","2022-06-18","45","quantile",0.45,32
"2022-06-13","1 wk ahead inc flu hosp","2022-06-18","45","quantile",0.5,38
"2022-06-13","1 wk ahead inc flu hosp","2022-06-18","45","quantile",0.55,45
"2022-06-13","1 wk ahead inc flu hosp","2022-06-18","45","quantile",0.6,52
"2022-06-13","1 wk ahead inc flu hosp","2022-06-18","45","quantile",0.65,59
"2022-06-13","1 wk ahead inc flu hosp","2022-06-18","45","quantile",0.7,68
"2022-06-13","1 wk ahead inc flu hosp","2022-06-18","45","quantile",0.75,78
"2022-06-13","1 wk ahead inc flu hosp","2022-06-18","45","quantile",0.8,90
"2022-06-13","1 wk ahead inc flu hosp","2022-06-18","45","quantile",0.85,104
"2022-06-13","1 wk ahead inc flu hosp","2022-06-18","45","quantile",0.9,123
"2022-06-13","1 wk ahead inc flu hosp","2022-06-18","45","quantile",0.95,154
"2022-06-13","1 wk ahead inc flu hosp","2022-06-18","45","quantile",0.975,184
"2022-06-13","1 wk ahead inc flu hosp","2022-06-18","45","quantile",0.99,219
"2022-06-13","2 wk ahead inc flu hosp","2022-06-25","45","quantile",0.01,0
"2022-06-13","2 wk ahead inc flu hosp","2022-06-25","45","quantile",0.025,0
"2022-06-13","2 wk ahead inc flu hosp","2022-06-25","45","quantile",0.05,0
"2022-06-13","2 wk ahead inc flu hosp","2022-06-25","45","quantile",0.1,0
"2022-06-13","2 wk ahead inc flu hosp","2022-06-25","45","quantile",0.15,1
"2022-06-13","2 wk ahead inc flu hosp","2022-06-25","45","quantile",0.2,2
"2022-06-13","2 wk ahead inc flu hosp","2022-06-25","45","quantile",0.25,5
"2022-06-13","2 wk ahead inc flu hosp","2022-06-25","45","quantile",0.3,9
"2022-06-13","2 wk ahead inc flu hosp","2022-06-25","45","quantile",0.35,15
"2022-06-13","2 wk ahead inc flu hosp","2022-06-25","45","quantile",0.4,22
"2022-06-13","2 wk ahead inc flu hosp","2022-06-25","45","quantile",0.45,30
"2022-06-13","2 wk ahead inc flu hosp","2022-06-25","45","quantile",0.5,38
"2022-06-13","2 wk ahead inc flu hosp","2022-06-25","45","quantile",0.55,49
"2022-06-13","2 wk ahead inc flu hosp","2022-06-25","45","quantile",0.6,60
"2022-06-13","2 wk ahead inc flu hosp","2022-06-25","45","quantile",0.65,73
"2022-06-13","2 wk ahead inc flu hosp","2022-06-25","45","quantile",0.7,88
"2022-06-13","2 wk ahead inc flu hosp","2022-06-25","45","quantile",0.75,105
"2022-06-13","2 wk ahead inc flu hosp","2022-06-25","45","quantile",0.8,126
"2022-06-13","2 wk ahead inc flu hosp","2022-06-25","45","quantile",0.85,153
"2022-06-13","2 wk ahead inc flu hosp","2022-06-25","45","quantile",0.9,190
"2022-06-13","2 wk ahead inc flu hosp","2022-06-25","45","quantile",0.95,250
"2022-06-13","2 wk ahead inc flu hosp","2022-06-25","45","quantile",0.975,309
"2022-06-13","2 wk ahead inc flu hosp","2022-06-25","45","quantile",0.99,382
"2022-06-13","3 wk ahead inc flu hosp","2022-07-02","45","quantile",0.01,0
"2022-06-13","3 wk ahead inc flu hosp","2022-07-02","45","quantile",0.025,0
"2022-06-13","3 wk ahead inc flu hosp","2022-07-02","45","quantile",0.05,0
"2022-06-13","3 wk ahead inc flu hosp","2022-07-02","45","quantile",0.1,0
"2022-06-13","3 wk ahead inc flu hosp","2022-07-02","45","quantile",0.15,0
"2022-06-13","3 wk ahead inc flu hosp","2022-07-02","45","quantile",0.2,1
"2022-06-13","3 wk ahead inc flu hosp","2022-07-02","45","quantile",0.25,2
"2022-06-13","3 wk ahead inc flu hosp","2022-07-02","45","quantile",0.3,6
"2022-06-13","3 wk ahead inc flu hosp","2022-07-02","45","quantile",0.35,11
"2022-06-13","3 wk ahead inc flu hosp","2022-07-02","45","quantile",0.4,18
"2022-06-13","3 wk ahead inc flu hosp","2022-07-02","45","quantile",0.45,28
"2022-06-13","3 wk ahead inc flu hosp","2022-07-02","45","quantile",0.5,39
"2022-06-13","3 wk ahead inc flu hosp","2022-07-02","45","quantile",0.55,52
"2022-06-13","3 wk ahead inc flu hosp","2022-07-02","45","quantile",0.6,66
"2022-06-13","3 wk ahead inc flu hosp","2022-07-02","45","quantile",0.65,83
"2022-06-13","3 wk ahead inc flu hosp","2022-07-02","45","quantile",0.7,103
"2022-06-13","3 wk ahead inc flu hosp","2022-07-02","45","quantile",0.75,127
"2022-06-13","3 wk ahead inc flu hosp","2022-07-02","45","quantile",0.8,156
"2022-06-13","3 wk ahead inc flu hosp","2022-07-02","45","quantile",0.85,193
"2022-06-13","3 wk ahead inc flu hosp","2022-07-02","45","quantile",0.9,247
"2022-06-13","3 wk ahead inc flu hosp","2022-07-02","45","quantile",0.95,337
"2022-06-13","3 wk ahead inc flu hosp","2022-07-02","45","quantile",0.975,425
"2022-06-13","3 wk ahead inc flu hosp","2022-07-02","45","quantile",0.99,537
"2022-06-13","4 wk ahead inc flu hosp","2022-07-09","45","quantile",0.01,0
"2022-06-13","4 wk ahead inc flu hosp","2022-07-09","45","quantile",0.025,0
"2022-06-13","4 wk ahead inc flu hosp","2022-07-09","45","quantile",0.05,0
"2022-06-13","4 wk ahead inc flu hosp","2022-07-09","45","quantile",0.1,0
"2022-06-13","4 wk ahead inc flu hosp","2022-07-09","45","quantile",0.15,0
"2022-06-13","4 wk ahead inc flu hosp","2022-07-09","45","quantile",0.2,0
"2022-06-13","4 wk ahead inc flu hosp","2022-07-09","45","quantile",0.25,1
"2022-06-13","4 wk ahead inc flu hosp","2022-07-09","45","quantile",0.3,4
"2022-06-13","4 wk ahead inc flu hosp","2022-07-09","45","quantile",0.35,9
"2022-06-13","4 wk ahead inc flu hosp","2022-07-09","45","quantile",0.4,16
"2022-06-13","4 wk ahead inc flu hosp","2022-07-09","45","quantile",0.45,26
"2022-06-13","4 wk ahead inc flu hosp","2022-07-09","45","quantile",0.5,38
"2022-06-13","4 wk ahead inc flu hosp","2022-07-09","45","quantile",0.55,53
"2022-06-13","4 wk ahead inc flu hosp","2022-07-09","45","quantile",0.6,71
"2022-06-13","4 wk ahead inc flu hosp","2022-07-09","45","quantile",0.65,92
"2022-06-13","4 wk ahead inc flu hosp","2022-07-09","45","quantile",0.7,117
"2022-06-13","4 wk ahead inc flu hosp","2022-07-09","45","quantile",0.75,146
"2022-06-13","4 wk ahead inc flu hosp","2022-07-09","45","quantile",0.8,182
"2022-06-13","4 wk ahead inc flu hosp","2022-07-09","45","quantile",0.85,229
"2022-06-13","4 wk ahead inc flu hosp","2022-07-09","45","quantile",0.9,298
"2022-06-13","4 wk ahead inc flu hosp","2022-07-09","45","quantile",0.95,414
"2022-06-13","4 wk ahead inc flu hosp","2022-07-09","45","quantile",0.975,530
"2022-06-13","4 wk ahead inc flu hosp","2022-07-09","45","quantile",0.99,682
"2022-06-13","1 wk ahead inc flu hosp","2022-06-18","45","point",NA,38
"2022-06-13","2 wk ahead inc flu hosp","2022-06-25","45","point",NA,38
"2022-06-13","3 wk ahead inc flu hosp","2022-07-02","45","point",NA,39
"2022-06-13","4 wk ahead inc flu hosp","2022-07-09","45","point",NA,38
"2022-06-13","1 wk ahead inc flu hosp","2022-06-18","46","quantile",0.01,0
"2022-06-13","1 wk ahead inc flu hosp","2022-06-18","46","quantile",0.025,0
"2022-06-13","1 wk ahead inc flu hosp","2022-06-18","46","quantile",0.05,0
"2022-06-13","1 wk ahead inc flu hosp","2022-06-18","46","quantile",0.1,0
"2022-06-13","1 wk ahead inc flu hosp","2022-06-18","46","quantile",0.15,0
"2022-06-13","1 wk ahead inc flu hosp","2022-06-18","46","quantile",0.2,0
"2022-06-13","1 wk ahead inc flu hosp","2022-06-18","46","quantile",0.25,0
"2022-06-13","1 wk ahead inc flu hosp","2022-06-18","46","quantile",0.3,0
"2022-06-13","1 wk ahead inc flu hosp","2022-06-18","46","quantile",0.35,0
"2022-06-13","1 wk ahead inc flu hosp","2022-06-18","46","quantile",0.4,0
"2022-06-13","1 wk ahead inc flu hosp","2022-06-18","46","quantile",0.45,0
"2022-06-13","1 wk ahead inc flu hosp","2022-06-18","46","quantile",0.5,1
"2022-06-13","1 wk ahead inc flu hosp","2022-06-18","46","quantile",0.55,2
"2022-06-13","1 wk ahead inc flu hosp","2022-06-18","46","quantile",0.6,2
"2022-06-13","1 wk ahead inc flu hosp","2022-06-18","46","quantile",0.65,3
"2022-06-13","1 wk ahead inc flu hosp","2022-06-18","46","quantile",0.7,4
"2022-06-13","1 wk ahead inc flu hosp","2022-06-18","46","quantile",0.75,5
"2022-06-13","1 wk ahead inc flu hosp","2022-06-18","46","quantile",0.8,6
"2022-06-13","1 wk ahead inc flu hosp","2022-06-18","46","quantile",0.85,8
"2022-06-13","1 wk ahead inc flu hosp","2022-06-18","46","quantile",0.9,9
"2022-06-13","1 wk ahead inc flu hosp","2022-06-18","46","quantile",0.95,13
"2022-06-13","1 wk ahead inc flu hosp","2022-06-18","46","quantile",0.975,16
"2022-06-13","1 wk ahead inc flu hosp","2022-06-18","46","quantile",0.99,21
"2022-06-13","2 wk ahead inc flu hosp","2022-06-25","46","quantile",0.01,0
"2022-06-13","2 wk ahead inc flu hosp","2022-06-25","46","quantile",0.025,0
"2022-06-13","2 wk ahead inc flu hosp","2022-06-25","46","quantile",0.05,0
"2022-06-13","2 wk ahead inc flu hosp","2022-06-25","46","quantile",0.1,0
"2022-06-13","2 wk ahead inc flu hosp","2022-06-25","46","quantile",0.15,0
"2022-06-13","2 wk ahead inc flu hosp","2022-06-25","46","quantile",0.2,0
"2022-06-13","2 wk ahead inc flu hosp","2022-06-25","46","quantile",0.25,0
"2022-06-13","2 wk ahead inc flu hosp","2022-06-25","46","quantile",0.3,0
"2022-06-13","2 wk ahead inc flu hosp","2022-06-25","46","quantile",0.35,0
"2022-06-13","2 wk ahead inc flu hosp","2022-06-25","46","quantile",0.4,0
"2022-06-13","2 wk ahead inc flu hosp","2022-06-25","46","quantile",0.45,1
"2022-06-13","2 wk ahead inc flu hosp","2022-06-25","46","quantile",0.5,1
"2022-06-13","2 wk ahead inc flu hosp","2022-06-25","46","quantile",0.55,2
"2022-06-13","2 wk ahead inc flu hosp","2022-06-25","46","quantile",0.6,3
"2022-06-13","2 wk ahead inc flu hosp","2022-06-25","46","quantile",0.65,5
"2022-06-13","2 wk ahead inc flu hosp","2022-06-25","46","quantile",0.7,6
"2022-06-13","2 wk ahead inc flu hosp","2022-06-25","46","quantile",0.75,8
"2022-06-13","2 wk ahead inc flu hosp","2022-06-25","46","quantile",0.8,10
"2022-06-13","2 wk ahead inc flu hosp","2022-06-25","46","quantile",0.85,12
"2022-06-13","2 wk ahead inc flu hosp","2022-06-25","46","quantile",0.9,16
"2022-06-13","2 wk ahead inc flu hosp","2022-06-25","46","quantile",0.95,22
"2022-06-13","2 wk ahead inc flu hosp","2022-06-25","46","quantile",0.975,28
"2022-06-13","2 wk ahead inc flu hosp","2022-06-25","46","quantile",0.99,36
"2022-06-13","3 wk ahead inc flu hosp","2022-07-02","46","quantile",0.01,0
"2022-06-13","3 wk ahead inc flu hosp","2022-07-02","46","quantile",0.025,0
"2022-06-13","3 wk ahead inc flu hosp","2022-07-02","46","quantile",0.05,0
"2022-06-13","3 wk ahead inc flu hosp","2022-07-02","46","quantile",0.1,0
"2022-06-13","3 wk ahead inc flu hosp","2022-07-02","46","quantile",0.15,0
"2022-06-13","3 wk ahead inc flu hosp","2022-07-02","46","quantile",0.2,0
"2022-06-13","3 wk ahead inc flu hosp","2022-07-02","46","quantile",0.25,0
"2022-06-13","3 wk ahead inc flu hosp","2022-07-02","46","quantile",0.3,0
"2022-06-13","3 wk ahead inc flu hosp","2022-07-02","46","quantile",0.35,0
"2022-06-13","3 wk ahead inc flu hosp","2022-07-02","46","quantile",0.4,0
"2022-06-13","3 wk ahead inc flu hosp","2022-07-02","46","quantile",0.45,1
"2022-06-13","3 wk ahead inc flu hosp","2022-07-02","46","quantile",0.5,2
"2022-06-13","3 wk ahead inc flu hosp","2022-07-02","46","quantile",0.55,3
"2022-06-13","3 wk ahead inc flu hosp","2022-07-02","46","quantile",0.6,4
"2022-06-13","3 wk ahead inc flu hosp","2022-07-02","46","quantile",0.65,6
"2022-06-13","3 wk ahead inc flu hosp","2022-07-02","46","quantile",0.7,8
"2022-06-13","3 wk ahead inc flu hosp","2022-07-02","46","quantile",0.75,10
"2022-06-13","3 wk ahead inc flu hosp","2022-07-02","46","quantile",0.8,13
"2022-06-13","3 wk ahead inc flu hosp","2022-07-02","46","quantile",0.85,16
"2022-06-13","3 wk ahead inc flu hosp","2022-07-02","46","quantile",0.9,21
"2022-06-13","3 wk ahead inc flu hosp","2022-07-02","46","quantile",0.95,30
"2022-06-13","3 wk ahead inc flu hosp","2022-07-02","46","quantile",0.975,38
"2022-06-13","3 wk ahead inc flu hosp","2022-07-02","46","quantile",0.99,49
"2022-06-13","4 wk ahead inc flu hosp","2022-07-09","46","quantile",0.01,0
"2022-06-13","4 wk ahead inc flu hosp","2022-07-09","46","quantile",0.025,0
"2022-06-13","4 wk ahead inc flu hosp","2022-07-09","46","quantile",0.05,0
"2022-06-13","4 wk ahead inc flu hosp","2022-07-09","46","quantile",0.1,0
"2022-06-13","4 wk ahead inc flu hosp","2022-07-09","46","quantile",0.15,0
"2022-06-13","4 wk ahead inc flu hosp","2022-07-09","46","quantile",0.2,0
"2022-06-13","4 wk ahead inc flu hosp","2022-07-09","46","quantile",0.25,0
"2022-06-13","4 wk ahead inc flu hosp","2022-07-09","46","quantile",0.3,0
"2022-06-13","4 wk ahead inc flu hosp","2022-07-09","46","quantile",0.35,0
"2022-06-13","4 wk ahead inc flu hosp","2022-07-09","46","quantile",0.4,0
"2022-06-13","4 wk ahead inc flu hosp","2022-07-09","46","quantile",0.45,1
"2022-06-13","4 wk ahead inc flu hosp","2022-07-09","46","quantile",0.5,2
"2022-06-13","4 wk ahead inc flu hosp","2022-07-09","46","quantile",0.55,3
"2022-06-13","4 wk ahead inc flu hosp","2022-07-09","46","quantile",0.6,5
"2022-06-13","4 wk ahead inc flu hosp","2022-07-09","46","quantile",0.65,7
"2022-06-13","4 wk ahead inc flu hosp","2022-07-09","46","quantile",0.7,9
"2022-06-13","4 wk ahead inc flu hosp","2022-07-09","46","quantile",0.75,12
"2022-06-13","4 wk ahead inc flu hosp","2022-07-09","46","quantile",0.8,16
"2022-06-13","4 wk ahead inc flu hosp","2022-07-09","46","quantile",0.85,20
"2022-06-13","4 wk ahead inc flu hosp","2022-07-09","46","quantile",0.9,27
"2022-06-13","4 wk ahead inc flu hosp","2022-07-09","46","quantile",0.95,37
"2022-06-13","4 wk ahead inc flu hosp","2022-07-09","46","quantile",0.975,48
"2022-06-13","4 wk ahead inc flu hosp","2022-07-09","46","quantile",0.99,62
"2022-06-13","1 wk ahead inc flu hosp","2022-06-18","46","point",NA,1
"2022-06-13","2 wk ahead inc flu hosp","2022-06-25","46","point",NA,1
"2022-06-13","3 wk ahead inc flu hosp","2022-07-02","46","point",NA,2
"2022-06-13","4 wk ahead inc flu hosp","2022-07-09","46","point",NA,2
"2022-06-13","1 wk ahead inc flu hosp","2022-06-18","47","quantile",0.01,0
"2022-06-13","1 wk ahead inc flu hosp","2022-06-18","47","quantile",0.025,0
"2022-06-13","1 wk ahead inc flu hosp","2022-06-18","47","quantile",0.05,0
"2022-06-13","1 wk ahead inc flu hosp","2022-06-18","47","quantile",0.1,1
"2022-06-13","1 wk ahead inc flu hosp","2022-06-18","47","quantile",0.15,3
"2022-06-13","1 wk ahead inc flu hosp","2022-06-18","47","quantile",0.2,5
"2022-06-13","1 wk ahead inc flu hosp","2022-06-18","47","quantile",0.25,7
"2022-06-13","1 wk ahead inc flu hosp","2022-06-18","47","quantile",0.3,10
"2022-06-13","1 wk ahead inc flu hosp","2022-06-18","47","quantile",0.35,13
"2022-06-13","1 wk ahead inc flu hosp","2022-06-18","47","quantile",0.4,16
"2022-06-13","1 wk ahead inc flu hosp","2022-06-18","47","quantile",0.45,20
"2022-06-13","1 wk ahead inc flu hosp","2022-06-18","47","quantile",0.5,24
"2022-06-13","1 wk ahead inc flu hosp","2022-06-18","47","quantile",0.55,28
"2022-06-13","1 wk ahead inc flu hosp","2022-06-18","47","quantile",0.6,33
"2022-06-13","1 wk ahead inc flu hosp","2022-06-18","47","quantile",0.65,38
"2022-06-13","1 wk ahead inc flu hosp","2022-06-18","47","quantile",0.7,44
"2022-06-13","1 wk ahead inc flu hosp","2022-06-18","47","quantile",0.75,51
"2022-06-13","1 wk ahead inc flu hosp","2022-06-18","47","quantile",0.8,59
"2022-06-13","1 wk ahead inc flu hosp","2022-06-18","47","quantile",0.85,70
"2022-06-13","1 wk ahead inc flu hosp","2022-06-18","47","quantile",0.9,84
"2022-06-13","1 wk ahead inc flu hosp","2022-06-18","47","quantile",0.95,108
"2022-06-13","1 wk ahead inc flu hosp","2022-06-18","47","quantile",0.975,131
"2022-06-13","1 wk ahead inc flu hosp","2022-06-18","47","quantile",0.99,159
"2022-06-13","2 wk ahead inc flu hosp","2022-06-25","47","quantile",0.01,0
"2022-06-13","2 wk ahead inc flu hosp","2022-06-25","47","quantile",0.025,0
"2022-06-13","2 wk ahead inc flu hosp","2022-06-25","47","quantile",0.05,0
"2022-06-13","2 wk ahead inc flu hosp","2022-06-25","47","quantile",0.1,0
"2022-06-13","2 wk ahead inc flu hosp","2022-06-25","47","quantile",0.15,0
"2022-06-13","2 wk ahead inc flu hosp","2022-06-25","47","quantile",0.2,1
"2022-06-13","2 wk ahead inc flu hosp","2022-06-25","47","quantile",0.25,2
"2022-06-13","2 wk ahead inc flu hosp","2022-06-25","47","quantile",0.3,5
"2022-06-13","2 wk ahead inc flu hosp","2022-06-25","47","quantile",0.35,8
"2022-06-13","2 wk ahead inc flu hosp","2022-06-25","47","quantile",0.4,13
"2022-06-13","2 wk ahead inc flu hosp","2022-06-25","47","quantile",0.45,18
"2022-06-13","2 wk ahead inc flu hosp","2022-06-25","47","quantile",0.5,24
"2022-06-13","2 wk ahead inc flu hosp","2022-06-25","47","quantile",0.55,31
"2022-06-13","2 wk ahead inc flu hosp","2022-06-25","47","quantile",0.6,39
"2022-06-13","2 wk ahead inc flu hosp","2022-06-25","47","quantile",0.65,48
"2022-06-13","2 wk ahead inc flu hosp","2022-06-25","47","quantile",0.7,58
"2022-06-13","2 wk ahead inc flu hosp","2022-06-25","47","quantile",0.75,70
"2022-06-13","2 wk ahead inc flu hosp","2022-06-25","47","quantile",0.8,86
"2022-06-13","2 wk ahead inc flu hosp","2022-06-25","47","quantile",0.85,106
"2022-06-13","2 wk ahead inc flu hosp","2022-06-25","47","quantile",0.9,133
"2022-06-13","2 wk ahead inc flu hosp","2022-06-25","47","quantile",0.95,178
"2022-06-13","2 wk ahead inc flu hosp","2022-06-25","47","quantile",0.975,223
"2022-06-13","2 wk ahead inc flu hosp","2022-06-25","47","quantile",0.99,285
"2022-06-13","3 wk ahead inc flu hosp","2022-07-02","47","quantile",0.01,0
"2022-06-13","3 wk ahead inc flu hosp","2022-07-02","47","quantile",0.025,0
"2022-06-13","3 wk ahead inc flu hosp","2022-07-02","47","quantile",0.05,0
"2022-06-13","3 wk ahead inc flu hosp","2022-07-02","47","quantile",0.1,0
"2022-06-13","3 wk ahead inc flu hosp","2022-07-02","47","quantile",0.15,0
"2022-06-13","3 wk ahead inc flu hosp","2022-07-02","47","quantile",0.2,0
"2022-06-13","3 wk ahead inc flu hosp","2022-07-02","47","quantile",0.25,1
"2022-06-13","3 wk ahead inc flu hosp","2022-07-02","47","quantile",0.3,3
"2022-06-13","3 wk ahead inc flu hosp","2022-07-02","47","quantile",0.35,6
"2022-06-13","3 wk ahead inc flu hosp","2022-07-02","47","quantile",0.4,10
"2022-06-13","3 wk ahead inc flu hosp","2022-07-02","47","quantile",0.45,17
"2022-06-13","3 wk ahead inc flu hosp","2022-07-02","47","quantile",0.5,24
"2022-06-13","3 wk ahead inc flu hosp","2022-07-02","47","quantile",0.55,33
"2022-06-13","3 wk ahead inc flu hosp","2022-07-02","47","quantile",0.6,43
"2022-06-13","3 wk ahead inc flu hosp","2022-07-02","47","quantile",0.65,55
"2022-06-13","3 wk ahead inc flu hosp","2022-07-02","47","quantile",0.7,69
"2022-06-13","3 wk ahead inc flu hosp","2022-07-02","47","quantile",0.75,86
"2022-06-13","3 wk ahead inc flu hosp","2022-07-02","47","quantile",0.8,108
"2022-06-13","3 wk ahead inc flu hosp","2022-07-02","47","quantile",0.85,134
"2022-06-13","3 wk ahead inc flu hosp","2022-07-02","47","quantile",0.9,173
"2022-06-13","3 wk ahead inc flu hosp","2022-07-02","47","quantile",0.95,240
"2022-06-13","3 wk ahead inc flu hosp","2022-07-02","47","quantile",0.975,306
"2022-06-13","3 wk ahead inc flu hosp","2022-07-02","47","quantile",0.99,392
"2022-06-13","4 wk ahead inc flu hosp","2022-07-09","47","quantile",0.01,0
"2022-06-13","4 wk ahead inc flu hosp","2022-07-09","47","quantile",0.025,0
"2022-06-13","4 wk ahead inc flu hosp","2022-07-09","47","quantile",0.05,0
"2022-06-13","4 wk ahead inc flu hosp","2022-07-09","47","quantile",0.1,0
"2022-06-13","4 wk ahead inc flu hosp","2022-07-09","47","quantile",0.15,0
"2022-06-13","4 wk ahead inc flu hosp","2022-07-09","47","quantile",0.2,0
"2022-06-13","4 wk ahead inc flu hosp","2022-07-09","47","quantile",0.25,0
"2022-06-13","4 wk ahead inc flu hosp","2022-07-09","47","quantile",0.3,1
"2022-06-13","4 wk ahead inc flu hosp","2022-07-09","47","quantile",0.35,4
"2022-06-13","4 wk ahead inc flu hosp","2022-07-09","47","quantile",0.4,9
"2022-06-13","4 wk ahead inc flu hosp","2022-07-09","47","quantile",0.45,15
"2022-06-13","4 wk ahead inc flu hosp","2022-07-09","47","quantile",0.5,24
"2022-06-13","4 wk ahead inc flu hosp","2022-07-09","47","quantile",0.55,34
"2022-06-13","4 wk ahead inc flu hosp","2022-07-09","47","quantile",0.6,47
"2022-06-13","4 wk ahead inc flu hosp","2022-07-09","47","quantile",0.65,62
"2022-06-13","4 wk ahead inc flu hosp","2022-07-09","47","quantile",0.7,79
"2022-06-13","4 wk ahead inc flu hosp","2022-07-09","47","quantile",0.75,101
"2022-06-13","4 wk ahead inc flu hosp","2022-07-09","47","quantile",0.8,127
"2022-06-13","4 wk ahead inc flu hosp","2022-07-09","47","quantile",0.85,161
"2022-06-13","4 wk ahead inc flu hosp","2022-07-09","47","quantile",0.9,211
"2022-06-13","4 wk ahead inc flu hosp","2022-07-09","47","quantile",0.95,298
"2022-06-13","4 wk ahead inc flu hosp","2022-07-09","47","quantile",0.975,386
"2022-06-13","4 wk ahead inc flu hosp","2022-07-09","47","quantile",0.99,503
"2022-06-13","1 wk ahead inc flu hosp","2022-06-18","47","point",NA,24
"2022-06-13","2 wk ahead inc flu hosp","2022-06-25","47","point",NA,24
"2022-06-13","3 wk ahead inc flu hosp","2022-07-02","47","point",NA,24
"2022-06-13","4 wk ahead inc flu hosp","2022-07-09","47","point",NA,24
"2022-06-13","1 wk ahead inc flu hosp","2022-06-18","48","quantile",0.01,12
"2022-06-13","1 wk ahead inc flu hosp","2022-06-18","48","quantile",0.025,20
"2022-06-13","1 wk ahead inc flu hosp","2022-06-18","48","quantile",0.05,29
"2022-06-13","1 wk ahead inc flu hosp","2022-06-18","48","quantile",0.1,43
"2022-06-13","1 wk ahead inc flu hosp","2022-06-18","48","quantile",0.15,54
"2022-06-13","1 wk ahead inc flu hosp","2022-06-18","48","quantile",0.2,63
"2022-06-13","1 wk ahead inc flu hosp","2022-06-18","48","quantile",0.25,72
"2022-06-13","1 wk ahead inc flu hosp","2022-06-18","48","quantile",0.3,81
"2022-06-13","1 wk ahead inc flu hosp","2022-06-18","48","quantile",0.35,89
"2022-06-13","1 wk ahead inc flu hosp","2022-06-18","48","quantile",0.4,98
"2022-06-13","1 wk ahead inc flu hosp","2022-06-18","48","quantile",0.45,106
"2022-06-13","1 wk ahead inc flu hosp","2022-06-18","48","quantile",0.5,114
"2022-06-13","1 wk ahead inc flu hosp","2022-06-18","48","quantile",0.55,123
"2022-06-13","1 wk ahead inc flu hosp","2022-06-18","48","quantile",0.6,133
"2022-06-13","1 wk ahead inc flu hosp","2022-06-18","48","quantile",0.65,143
"2022-06-13","1 wk ahead inc flu hosp","2022-06-18","48","quantile",0.7,154
"2022-06-13","1 wk ahead inc flu hosp","2022-06-18","48","quantile",0.75,166
"2022-06-13","1 wk ahead inc flu hosp","2022-06-18","48","quantile",0.8,180
"2022-06-13","1 wk ahead inc flu hosp","2022-06-18","48","quantile",0.85,198
"2022-06-13","1 wk ahead inc flu hosp","2022-06-18","48","quantile",0.9,220
"2022-06-13","1 wk ahead inc flu hosp","2022-06-18","48","quantile",0.95,255
"2022-06-13","1 wk ahead inc flu hosp","2022-06-18","48","quantile",0.975,289
"2022-06-13","1 wk ahead inc flu hosp","2022-06-18","48","quantile",0.99,328
"2022-06-13","2 wk ahead inc flu hosp","2022-06-25","48","quantile",0.01,0
"2022-06-13","2 wk ahead inc flu hosp","2022-06-25","48","quantile",0.025,1
"2022-06-13","2 wk ahead inc flu hosp","2022-06-25","48","quantile",0.05,6
"2022-06-13","2 wk ahead inc flu hosp","2022-06-25","48","quantile",0.1,17
"2022-06-13","2 wk ahead inc flu hosp","2022-06-25","48","quantile",0.15,30
"2022-06-13","2 wk ahead inc flu hosp","2022-06-25","48","quantile",0.2,41
"2022-06-13","2 wk ahead inc flu hosp","2022-06-25","48","quantile",0.25,53
"2022-06-13","2 wk ahead inc flu hosp","2022-06-25","48","quantile",0.3,65
"2022-06-13","2 wk ahead inc flu hosp","2022-06-25","48","quantile",0.35,77
"2022-06-13","2 wk ahead inc flu hosp","2022-06-25","48","quantile",0.4,89
"2022-06-13","2 wk ahead inc flu hosp","2022-06-25","48","quantile",0.45,102
"2022-06-13","2 wk ahead inc flu hosp","2022-06-25","48","quantile",0.5,115
"2022-06-13","2 wk ahead inc flu hosp","2022-06-25","48","quantile",0.55,128
"2022-06-13","2 wk ahead inc flu hosp","2022-06-25","48","quantile",0.6,144
"2022-06-13","2 wk ahead inc flu hosp","2022-06-25","48","quantile",0.65,160
"2022-06-13","2 wk ahead inc flu hosp","2022-06-25","48","quantile",0.7,178
"2022-06-13","2 wk ahead inc flu hosp","2022-06-25","48","quantile",0.75,199
"2022-06-13","2 wk ahead inc flu hosp","2022-06-25","48","quantile",0.8,223
"2022-06-13","2 wk ahead inc flu hosp","2022-06-25","48","quantile",0.85,253
"2022-06-13","2 wk ahead inc flu hosp","2022-06-25","48","quantile",0.9,293
"2022-06-13","2 wk ahead inc flu hosp","2022-06-25","48","quantile",0.95,358
"2022-06-13","2 wk ahead inc flu hosp","2022-06-25","48","quantile",0.975,418
"2022-06-13","2 wk ahead inc flu hosp","2022-06-25","48","quantile",0.99,495
"2022-06-13","3 wk ahead inc flu hosp","2022-07-02","48","quantile",0.01,0
"2022-06-13","3 wk ahead inc flu hosp","2022-07-02","48","quantile",0.025,0
"2022-06-13","3 wk ahead inc flu hosp","2022-07-02","48","quantile",0.05,1
"2022-06-13","3 wk ahead inc flu hosp","2022-07-02","48","quantile",0.1,6
"2022-06-13","3 wk ahead inc flu hosp","2022-07-02","48","quantile",0.15,16
"2022-06-13","3 wk ahead inc flu hosp","2022-07-02","48","quantile",0.2,28
"2022-06-13","3 wk ahead inc flu hosp","2022-07-02","48","quantile",0.25,41
"2022-06-13","3 wk ahead inc flu hosp","2022-07-02","48","quantile",0.3,54
"2022-06-13","3 wk ahead inc flu hosp","2022-07-02","48","quantile",0.35,68
"2022-06-13","3 wk ahead inc flu hosp","2022-07-02","48","quantile",0.4,83
"2022-06-13","3 wk ahead inc flu hosp","2022-07-02","48","quantile",0.45,98
"2022-06-13","3 wk ahead inc flu hosp","2022-07-02","48","quantile",0.5,115
"2022-06-13","3 wk ahead inc flu hosp","2022-07-02","48","quantile",0.55,132
"2022-06-13","3 wk ahead inc flu hosp","2022-07-02","48","quantile",0.6,151
"2022-06-13","3 wk ahead inc flu hosp","2022-07-02","48","quantile",0.65,173
"2022-06-13","3 wk ahead inc flu hosp","2022-07-02","48","quantile",0.7,196
"2022-06-13","3 wk ahead inc flu hosp","2022-07-02","48","quantile",0.75,224
"2022-06-13","3 wk ahead inc flu hosp","2022-07-02","48","quantile",0.8,256
"2022-06-13","3 wk ahead inc flu hosp","2022-07-02","48","quantile",0.85,297
"2022-06-13","3 wk ahead inc flu hosp","2022-07-02","48","quantile",0.9,352
"2022-06-13","3 wk ahead inc flu hosp","2022-07-02","48","quantile",0.95,442
"2022-06-13","3 wk ahead inc flu hosp","2022-07-02","48","quantile",0.975,529
"2022-06-13","3 wk ahead inc flu hosp","2022-07-02","48","quantile",0.99,635
"2022-06-13","4 wk ahead inc flu hosp","2022-07-09","48","quantile",0.01,0
"2022-06-13","4 wk ahead inc flu hosp","2022-07-09","48","quantile",0.025,0
"2022-06-13","4 wk ahead inc flu hosp","2022-07-09","48","quantile",0.05,0
"2022-06-13","4 wk ahead inc flu hosp","2022-07-09","48","quantile",0.1,2
"2022-06-13","4 wk ahead inc flu hosp","2022-07-09","48","quantile",0.15,8
"2022-06-13","4 wk ahead inc flu hosp","2022-07-09","48","quantile",0.2,18
"2022-06-13","4 wk ahead inc flu hosp","2022-07-09","48","quantile",0.25,31
"2022-06-13","4 wk ahead inc flu hosp","2022-07-09","48","quantile",0.3,46
"2022-06-13","4 wk ahead inc flu hosp","2022-07-09","48","quantile",0.35,61
"2022-06-13","4 wk ahead inc flu hosp","2022-07-09","48","quantile",0.4,78
"2022-06-13","4 wk ahead inc flu hosp","2022-07-09","48","quantile",0.45,96
"2022-06-13","4 wk ahead inc flu hosp","2022-07-09","48","quantile",0.5,115
"2022-06-13","4 wk ahead inc flu hosp","2022-07-09","48","quantile",0.55,136
"2022-06-13","4 wk ahead inc flu hosp","2022-07-09","48","quantile",0.6,158
"2022-06-13","4 wk ahead inc flu hosp","2022-07-09","48","quantile",0.65,183
"2022-06-13","4 wk ahead inc flu hosp","2022-07-09","48","quantile",0.7,212
"2022-06-13","4 wk ahead inc flu hosp","2022-07-09","48","quantile",0.75,245
"2022-06-13","4 wk ahead inc flu hosp","2022-07-09","48","quantile",0.8,285
"2022-06-13","4 wk ahead inc flu hosp","2022-07-09","48","quantile",0.85,336
"2022-06-13","4 wk ahead inc flu hosp","2022-07-09","48","quantile",0.9,405
"2022-06-13","4 wk ahead inc flu hosp","2022-07-09","48","quantile",0.95,519
"2022-06-13","4 wk ahead inc flu hosp","2022-07-09","48","quantile",0.975,629
"2022-06-13","4 wk ahead inc flu hosp","2022-07-09","48","quantile",0.99,767
"2022-06-13","1 wk ahead inc flu hosp","2022-06-18","48","point",NA,114
"2022-06-13","2 wk ahead inc flu hosp","2022-06-25","48","point",NA,115
"2022-06-13","3 wk ahead inc flu hosp","2022-07-02","48","point",NA,115
"2022-06-13","4 wk ahead inc flu hosp","2022-07-09","48","point",NA,115
"2022-06-13","1 wk ahead inc flu hosp","2022-06-18","49","quantile",0.01,0
"2022-06-13","1 wk ahead inc flu hosp","2022-06-18","49","quantile",0.025,0
"2022-06-13","1 wk ahead inc flu hosp","2022-06-18","49","quantile",0.05,0
"2022-06-13","1 wk ahead inc flu hosp","2022-06-18","49","quantile",0.1,0
"2022-06-13","1 wk ahead inc flu hosp","2022-06-18","49","quantile",0.15,0
"2022-06-13","1 wk ahead inc flu hosp","2022-06-18","49","quantile",0.2,0
"2022-06-13","1 wk ahead inc flu hosp","2022-06-18","49","quantile",0.25,0
"2022-06-13","1 wk ahead inc flu hosp","2022-06-18","49","quantile",0.3,1
"2022-06-13","1 wk ahead inc flu hosp","2022-06-18","49","quantile",0.35,1
"2022-06-13","1 wk ahead inc flu hosp","2022-06-18","49","quantile",0.4,2
"2022-06-13","1 wk ahead inc flu hosp","2022-06-18","49","quantile",0.45,2
"2022-06-13","1 wk ahead inc flu hosp","2022-06-18","49","quantile",0.5,3
"2022-06-13","1 wk ahead inc flu hosp","2022-06-18","49","quantile",0.55,4
"2022-06-13","1 wk ahead inc flu hosp","2022-06-18","49","quantile",0.6,5
"2022-06-13","1 wk ahead inc flu hosp","2022-06-18","49","quantile",0.65,7
"2022-06-13","1 wk ahead inc flu hosp","2022-06-18","49","quantile",0.7,9
"2022-06-13","1 wk ahead inc flu hosp","2022-06-18","49","quantile",0.75,11
"2022-06-13","1 wk ahead inc flu hosp","2022-06-18","49","quantile",0.8,14
"2022-06-13","1 wk ahead inc flu hosp","2022-06-18","49","quantile",0.85,18
"2022-06-13","1 wk ahead inc flu hosp","2022-06-18","49","quantile",0.9,23
"2022-06-13","1 wk ahead inc flu hosp","2022-06-18","49","quantile",0.95,31
"2022-06-13","1 wk ahead inc flu hosp","2022-06-18","49","quantile",0.975,39
"2022-06-13","1 wk ahead inc flu hosp","2022-06-18","49","quantile",0.99,48
"2022-06-13","2 wk ahead inc flu hosp","2022-06-25","49","quantile",0.01,0
"2022-06-13","2 wk ahead inc flu hosp","2022-06-25","49","quantile",0.025,0
"2022-06-13","2 wk ahead inc flu hosp","2022-06-25","49","quantile",0.05,0
"2022-06-13","2 wk ahead inc flu hosp","2022-06-25","49","quantile",0.1,0
"2022-06-13","2 wk ahead inc flu hosp","2022-06-25","49","quantile",0.15,0
"2022-06-13","2 wk ahead inc flu hosp","2022-06-25","49","quantile",0.2,0
"2022-06-13","2 wk ahead inc flu hosp","2022-06-25","49","quantile",0.25,0
"2022-06-13","2 wk ahead inc flu hosp","2022-06-25","49","quantile",0.3,0
"2022-06-13","2 wk ahead inc flu hosp","2022-06-25","49","quantile",0.35,1
"2022-06-13","2 wk ahead inc flu hosp","2022-06-25","49","quantile",0.4,1
"2022-06-13","2 wk ahead inc flu hosp","2022-06-25","49","quantile",0.45,2
"2022-06-13","2 wk ahead inc flu hosp","2022-06-25","49","quantile",0.5,3
"2022-06-13","2 wk ahead inc flu hosp","2022-06-25","49","quantile",0.55,5
"2022-06-13","2 wk ahead inc flu hosp","2022-06-25","49","quantile",0.6,7
"2022-06-13","2 wk ahead inc flu hosp","2022-06-25","49","quantile",0.65,10
"2022-06-13","2 wk ahead inc flu hosp","2022-06-25","49","quantile",0.7,13
"2022-06-13","2 wk ahead inc flu hosp","2022-06-25","49","quantile",0.75,18
"2022-06-13","2 wk ahead inc flu hosp","2022-06-25","49","quantile",0.8,23
"2022-06-13","2 wk ahead inc flu hosp","2022-06-25","49","quantile",0.85,30
"2022-06-13","2 wk ahead inc flu hosp","2022-06-25","49","quantile",0.9,40
"2022-06-13","2 wk ahead inc flu hosp","2022-06-25","49","quantile",0.95,57
"2022-06-13","2 wk ahead inc flu hosp","2022-06-25","49","quantile",0.975,73
"2022-06-13","2 wk ahead inc flu hosp","2022-06-25","49","quantile",0.99,95
"2022-06-13","3 wk ahead inc flu hosp","2022-07-02","49","quantile",0.01,0
"2022-06-13","3 wk ahead inc flu hosp","2022-07-02","49","quantile",0.025,0
"2022-06-13","3 wk ahead inc flu hosp","2022-07-02","49","quantile",0.05,0
"2022-06-13","3 wk ahead inc flu hosp","2022-07-02","49","quantile",0.1,0
"2022-06-13","3 wk ahead inc flu hosp","2022-07-02","49","quantile",0.15,0
"2022-06-13","3 wk ahead inc flu hosp","2022-07-02","49","quantile",0.2,0
"2022-06-13","3 wk ahead inc flu hosp","2022-07-02","49","quantile",0.25,0
"2022-06-13","3 wk ahead inc flu hosp","2022-07-02","49","quantile",0.3,0
"2022-06-13","3 wk ahead inc flu hosp","2022-07-02","49","quantile",0.35,0
"2022-06-13","3 wk ahead inc flu hosp","2022-07-02","49","quantile",0.4,1
"2022-06-13","3 wk ahead inc flu hosp","2022-07-02","49","quantile",0.45,2
"2022-06-13","3 wk ahead inc flu hosp","2022-07-02","49","quantile",0.5,3
"2022-06-13","3 wk ahead inc flu hosp","2022-07-02","49","quantile",0.55,5
"2022-06-13","3 wk ahead inc flu hosp","2022-07-02","49","quantile",0.6,8
"2022-06-13","3 wk ahead inc flu hosp","2022-07-02","49","quantile",0.65,12
"2022-06-13","3 wk ahead inc flu hosp","2022-07-02","49","quantile",0.7,17
"2022-06-13","3 wk ahead inc flu hosp","2022-07-02","49","quantile",0.75,23
"2022-06-13","3 wk ahead inc flu hosp","2022-07-02","49","quantile",0.8,31
"2022-06-13","3 wk ahead inc flu hosp","2022-07-02","49","quantile",0.85,41
"2022-06-13","3 wk ahead inc flu hosp","2022-07-02","49","quantile",0.9,56
"2022-06-13","3 wk ahead inc flu hosp","2022-07-02","49","quantile",0.95,81
"2022-06-13","3 wk ahead inc flu hosp","2022-07-02","49","quantile",0.975,106
"2022-06-13","3 wk ahead inc flu hosp","2022-07-02","49","quantile",0.99,137
"2022-06-13","4 wk ahead inc flu hosp","2022-07-09","49","quantile",0.01,0
"2022-06-13","4 wk ahead inc flu hosp","2022-07-09","49","quantile",0.025,0
"2022-06-13","4 wk ahead inc flu hosp","2022-07-09","49","quantile",0.05,0
"2022-06-13","4 wk ahead inc flu hosp","2022-07-09","49","quantile",0.1,0
"2022-06-13","4 wk ahead inc flu hosp","2022-07-09","49","quantile",0.15,0
"2022-06-13","4 wk ahead inc flu hosp","2022-07-09","49","quantile",0.2,0
"2022-06-13","4 wk ahead inc flu hosp","2022-07-09","49","quantile",0.25,0
"2022-06-13","4 wk ahead inc flu hosp","2022-07-09","49","quantile",0.3,0
"2022-06-13","4 wk ahead inc flu hosp","2022-07-09","49","quantile",0.35,0
"2022-06-13","4 wk ahead inc flu hosp","2022-07-09","49","quantile",0.4,1
"2022-06-13","4 wk ahead inc flu hosp","2022-07-09","49","quantile",0.45,1
"2022-06-13","4 wk ahead inc flu hosp","2022-07-09","49","quantile",0.5,3
"2022-06-13","4 wk ahead inc flu hosp","2022-07-09","49","quantile",0.55,6
"2022-06-13","4 wk ahead inc flu hosp","2022-07-09","49","quantile",0.6,10
"2022-06-13","4 wk ahead inc flu hosp","2022-07-09","49","quantile",0.65,15
"2022-06-13","4 wk ahead inc flu hosp","2022-07-09","49","quantile",0.7,21
"2022-06-13","4 wk ahead inc flu hosp","2022-07-09","49","quantile",0.75,29
"2022-06-13","4 wk ahead inc flu hosp","2022-07-09","49","quantile",0.8,38
"2022-06-13","4 wk ahead inc flu hosp","2022-07-09","49","quantile",0.85,52
"2022-06-13","4 wk ahead inc flu hosp","2022-07-09","49","quantile",0.9,70
"2022-06-13","4 wk ahead inc flu hosp","2022-07-09","49","quantile",0.95,104
"2022-06-13","4 wk ahead inc flu hosp","2022-07-09","49","quantile",0.975,137
"2022-06-13","4 wk ahead inc flu hosp","2022-07-09","49","quantile",0.99,179
"2022-06-13","1 wk ahead inc flu hosp","2022-06-18","49","point",NA,3
"2022-06-13","2 wk ahead inc flu hosp","2022-06-25","49","point",NA,3
"2022-06-13","3 wk ahead inc flu hosp","2022-07-02","49","point",NA,3
"2022-06-13","4 wk ahead inc flu hosp","2022-07-09","49","point",NA,3
"2022-06-13","1 wk ahead inc flu hosp","2022-06-18","50","quantile",0.01,0
"2022-06-13","1 wk ahead inc flu hosp","2022-06-18","50","quantile",0.025,0
"2022-06-13","1 wk ahead inc flu hosp","2022-06-18","50","quantile",0.05,0
"2022-06-13","1 wk ahead inc flu hosp","2022-06-18","50","quantile",0.1,0
"2022-06-13","1 wk ahead inc flu hosp","2022-06-18","50","quantile",0.15,0
"2022-06-13","1 wk ahead inc flu hosp","2022-06-18","50","quantile",0.2,0
"2022-06-13","1 wk ahead inc flu hosp","2022-06-18","50","quantile",0.25,0
"2022-06-13","1 wk ahead inc flu hosp","2022-06-18","50","quantile",0.3,0
"2022-06-13","1 wk ahead inc flu hosp","2022-06-18","50","quantile",0.35,0
"2022-06-13","1 wk ahead inc flu hosp","2022-06-18","50","quantile",0.4,0
"2022-06-13","1 wk ahead inc flu hosp","2022-06-18","50","quantile",0.45,0
"2022-06-13","1 wk ahead inc flu hosp","2022-06-18","50","quantile",0.5,0
"2022-06-13","1 wk ahead inc flu hosp","2022-06-18","50","quantile",0.55,0
"2022-06-13","1 wk ahead inc flu hosp","2022-06-18","50","quantile",0.6,1
"2022-06-13","1 wk ahead inc flu hosp","2022-06-18","50","quantile",0.65,2
"2022-06-13","1 wk ahead inc flu hosp","2022-06-18","50","quantile",0.7,2
"2022-06-13","1 wk ahead inc flu hosp","2022-06-18","50","quantile",0.75,3
"2022-06-13","1 wk ahead inc flu hosp","2022-06-18","50","quantile",0.8,5
"2022-06-13","1 wk ahead inc flu hosp","2022-06-18","50","quantile",0.85,6
"2022-06-13","1 wk ahead inc flu hosp","2022-06-18","50","quantile",0.9,7
"2022-06-13","1 wk ahead inc flu hosp","2022-06-18","50","quantile",0.95,9
"2022-06-13","1 wk ahead inc flu hosp","2022-06-18","50","quantile",0.975,12
"2022-06-13","1 wk ahead inc flu hosp","2022-06-18","50","quantile",0.99,16
"2022-06-13","2 wk ahead inc flu hosp","2022-06-25","50","quantile",0.01,0
"2022-06-13","2 wk ahead inc flu hosp","2022-06-25","50","quantile",0.025,0
"2022-06-13","2 wk ahead inc flu hosp","2022-06-25","50","quantile",0.05,0
"2022-06-13","2 wk ahead inc flu hosp","2022-06-25","50","quantile",0.1,0
"2022-06-13","2 wk ahead inc flu hosp","2022-06-25","50","quantile",0.15,0
"2022-06-13","2 wk ahead inc flu hosp","2022-06-25","50","quantile",0.2,0
"2022-06-13","2 wk ahead inc flu hosp","2022-06-25","50","quantile",0.25,0
"2022-06-13","2 wk ahead inc flu hosp","2022-06-25","50","quantile",0.3,0
"2022-06-13","2 wk ahead inc flu hosp","2022-06-25","50","quantile",0.35,0
"2022-06-13","2 wk ahead inc flu hosp","2022-06-25","50","quantile",0.4,0
"2022-06-13","2 wk ahead inc flu hosp","2022-06-25","50","quantile",0.45,0
"2022-06-13","2 wk ahead inc flu hosp","2022-06-25","50","quantile",0.5,1
"2022-06-13","2 wk ahead inc flu hosp","2022-06-25","50","quantile",0.55,1
"2022-06-13","2 wk ahead inc flu hosp","2022-06-25","50","quantile",0.6,2
"2022-06-13","2 wk ahead inc flu hosp","2022-06-25","50","quantile",0.65,3
"2022-06-13","2 wk ahead inc flu hosp","2022-06-25","50","quantile",0.7,4
"2022-06-13","2 wk ahead inc flu hosp","2022-06-25","50","quantile",0.75,6
"2022-06-13","2 wk ahead inc flu hosp","2022-06-25","50","quantile",0.8,7
"2022-06-13","2 wk ahead inc flu hosp","2022-06-25","50","quantile",0.85,8
"2022-06-13","2 wk ahead inc flu hosp","2022-06-25","50","quantile",0.9,11
"2022-06-13","2 wk ahead inc flu hosp","2022-06-25","50","quantile",0.95,16
"2022-06-13","2 wk ahead inc flu hosp","2022-06-25","50","quantile",0.975,19
"2022-06-13","2 wk ahead inc flu hosp","2022-06-25","50","quantile",0.99,26
"2022-06-13","3 wk ahead inc flu hosp","2022-07-02","50","quantile",0.01,0
"2022-06-13","3 wk ahead inc flu hosp","2022-07-02","50","quantile",0.025,0
"2022-06-13","3 wk ahead inc flu hosp","2022-07-02","50","quantile",0.05,0
"2022-06-13","3 wk ahead inc flu hosp","2022-07-02","50","quantile",0.1,0
"2022-06-13","3 wk ahead inc flu hosp","2022-07-02","50","quantile",0.15,0
"2022-06-13","3 wk ahead inc flu hosp","2022-07-02","50","quantile",0.2,0
"2022-06-13","3 wk ahead inc flu hosp","2022-07-02","50","quantile",0.25,0
"2022-06-13","3 wk ahead inc flu hosp","2022-07-02","50","quantile",0.3,0
"2022-06-13","3 wk ahead inc flu hosp","2022-07-02","50","quantile",0.35,0
"2022-06-13","3 wk ahead inc flu hosp","2022-07-02","50","quantile",0.4,0
"2022-06-13","3 wk ahead inc flu hosp","2022-07-02","50","quantile",0.45,1
"2022-06-13","3 wk ahead inc flu hosp","2022-07-02","50","quantile",0.5,1
"2022-06-13","3 wk ahead inc flu hosp","2022-07-02","50","quantile",0.55,2
"2022-06-13","3 wk ahead inc flu hosp","2022-07-02","50","quantile",0.6,3
"2022-06-13","3 wk ahead inc flu hosp","2022-07-02","50","quantile",0.65,4
"2022-06-13","3 wk ahead inc flu hosp","2022-07-02","50","quantile",0.7,6
"2022-06-13","3 wk ahead inc flu hosp","2022-07-02","50","quantile",0.75,7
"2022-06-13","3 wk ahead inc flu hosp","2022-07-02","50","quantile",0.8,9
"2022-06-13","3 wk ahead inc flu hosp","2022-07-02","50","quantile",0.85,12
"2022-06-13","3 wk ahead inc flu hosp","2022-07-02","50","quantile",0.9,15
"2022-06-13","3 wk ahead inc flu hosp","2022-07-02","50","quantile",0.95,21
"2022-06-13","3 wk ahead inc flu hosp","2022-07-02","50","quantile",0.975,27
"2022-06-13","3 wk ahead inc flu hosp","2022-07-02","50","quantile",0.99,34
"2022-06-13","4 wk ahead inc flu hosp","2022-07-09","50","quantile",0.01,0
"2022-06-13","4 wk ahead inc flu hosp","2022-07-09","50","quantile",0.025,0
"2022-06-13","4 wk ahead inc flu hosp","2022-07-09","50","quantile",0.05,0
"2022-06-13","4 wk ahead inc flu hosp","2022-07-09","50","quantile",0.1,0
"2022-06-13","4 wk ahead inc flu hosp","2022-07-09","50","quantile",0.15,0
"2022-06-13","4 wk ahead inc flu hosp","2022-07-09","50","quantile",0.2,0
"2022-06-13","4 wk ahead inc flu hosp","2022-07-09","50","quantile",0.25,0
"2022-06-13","4 wk ahead inc flu hosp","2022-07-09","50","quantile",0.3,0
"2022-06-13","4 wk ahead inc flu hosp","2022-07-09","50","quantile",0.35,0
"2022-06-13","4 wk ahead inc flu hosp","2022-07-09","50","quantile",0.4,0
"2022-06-13","4 wk ahead inc flu hosp","2022-07-09","50","quantile",0.45,1
"2022-06-13","4 wk ahead inc flu hosp","2022-07-09","50","quantile",0.5,1
"2022-06-13","4 wk ahead inc flu hosp","2022-07-09","50","quantile",0.55,2
"2022-06-13","4 wk ahead inc flu hosp","2022-07-09","50","quantile",0.6,3
"2022-06-13","4 wk ahead inc flu hosp","2022-07-09","50","quantile",0.65,5
"2022-06-13","4 wk ahead inc flu hosp","2022-07-09","50","quantile",0.7,7
"2022-06-13","4 wk ahead inc flu hosp","2022-07-09","50","quantile",0.75,8
"2022-06-13","4 wk ahead inc flu hosp","2022-07-09","50","quantile",0.8,11
"2022-06-13","4 wk ahead inc flu hosp","2022-07-09","50","quantile",0.85,14
"2022-06-13","4 wk ahead inc flu hosp","2022-07-09","50","quantile",0.9,18
"2022-06-13","4 wk ahead inc flu hosp","2022-07-09","50","quantile",0.95,26
"2022-06-13","4 wk ahead inc flu hosp","2022-07-09","50","quantile",0.975,33
"2022-06-13","4 wk ahead inc flu hosp","2022-07-09","50","quantile",0.99,42
"2022-06-13","1 wk ahead inc flu hosp","2022-06-18","50","point",NA,0
"2022-06-13","2 wk ahead inc flu hosp","2022-06-25","50","point",NA,1
"2022-06-13","3 wk ahead inc flu hosp","2022-07-02","50","point",NA,1
"2022-06-13","4 wk ahead inc flu hosp","2022-07-09","50","point",NA,1
"2022-06-13","1 wk ahead inc flu hosp","2022-06-18","51","quantile",0.01,0
"2022-06-13","1 wk ahead inc flu hosp","2022-06-18","51","quantile",0.025,0
"2022-06-13","1 wk ahead inc flu hosp","2022-06-18","51","quantile",0.05,0
"2022-06-13","1 wk ahead inc flu hosp","2022-06-18","51","quantile",0.1,2
"2022-06-13","1 wk ahead inc flu hosp","2022-06-18","51","quantile",0.15,4
"2022-06-13","1 wk ahead inc flu hosp","2022-06-18","51","quantile",0.2,6
"2022-06-13","1 wk ahead inc flu hosp","2022-06-18","51","quantile",0.25,9
"2022-06-13","1 wk ahead inc flu hosp","2022-06-18","51","quantile",0.3,13
"2022-06-13","1 wk ahead inc flu hosp","2022-06-18","51","quantile",0.35,17
"2022-06-13","1 wk ahead inc flu hosp","2022-06-18","51","quantile",0.4,21
"2022-06-13","1 wk ahead inc flu hosp","2022-06-18","51","quantile",0.45,26
"2022-06-13","1 wk ahead inc flu hosp","2022-06-18","51","quantile",0.5,31
"2022-06-13","1 wk ahead inc flu hosp","2022-06-18","51","quantile",0.55,37
"2022-06-13","1 wk ahead inc flu hosp","2022-06-18","51","quantile",0.6,43
"2022-06-13","1 wk ahead inc flu hosp","2022-06-18","51","quantile",0.65,50
"2022-06-13","1 wk ahead inc flu hosp","2022-06-18","51","quantile",0.7,58
"2022-06-13","1 wk ahead inc flu hosp","2022-06-18","51","quantile",0.75,67
"2022-06-13","1 wk ahead inc flu hosp","2022-06-18","51","quantile",0.8,78
"2022-06-13","1 wk ahead inc flu hosp","2022-06-18","51","quantile",0.85,91
"2022-06-13","1 wk ahead inc flu hosp","2022-06-18","51","quantile",0.9,110
"2022-06-13","1 wk ahead inc flu hosp","2022-06-18","51","quantile",0.95,140
"2022-06-13","1 wk ahead inc flu hosp","2022-06-18","51","quantile",0.975,169
"2022-06-13","1 wk ahead inc flu hosp","2022-06-18","51","quantile",0.99,205
"2022-06-13","2 wk ahead inc flu hosp","2022-06-25","51","quantile",0.01,0
"2022-06-13","2 wk ahead inc flu hosp","2022-06-25","51","quantile",0.025,0
"2022-06-13","2 wk ahead inc flu hosp","2022-06-25","51","quantile",0.05,0
"2022-06-13","2 wk ahead inc flu hosp","2022-06-25","51","quantile",0.1,0
"2022-06-13","2 wk ahead inc flu hosp","2022-06-25","51","quantile",0.15,0
"2022-06-13","2 wk ahead inc flu hosp","2022-06-25","51","quantile",0.2,1
"2022-06-13","2 wk ahead inc flu hosp","2022-06-25","51","quantile",0.25,3
"2022-06-13","2 wk ahead inc flu hosp","2022-06-25","51","quantile",0.3,7
"2022-06-13","2 wk ahead inc flu hosp","2022-06-25","51","quantile",0.35,11
"2022-06-13","2 wk ahead inc flu hosp","2022-06-25","51","quantile",0.4,17
"2022-06-13","2 wk ahead inc flu hosp","2022-06-25","51","quantile",0.45,24
"2022-06-13","2 wk ahead inc flu hosp","2022-06-25","51","quantile",0.5,32
"2022-06-13","2 wk ahead inc flu hosp","2022-06-25","51","quantile",0.55,40
"2022-06-13","2 wk ahead inc flu hosp","2022-06-25","51","quantile",0.6,50
"2022-06-13","2 wk ahead inc flu hosp","2022-06-25","51","quantile",0.65,62
"2022-06-13","2 wk ahead inc flu hosp","2022-06-25","51","quantile",0.7,76
"2022-06-13","2 wk ahead inc flu hosp","2022-06-25","51","quantile",0.75,92
"2022-06-13","2 wk ahead inc flu hosp","2022-06-25","51","quantile",0.8,112
"2022-06-13","2 wk ahead inc flu hosp","2022-06-25","51","quantile",0.85,137
"2022-06-13","2 wk ahead inc flu hosp","2022-06-25","51","quantile",0.9,173
"2022-06-13","2 wk ahead inc flu hosp","2022-06-25","51","quantile",0.95,232
"2022-06-13","2 wk ahead inc flu hosp","2022-06-25","51","quantile",0.975,291
"2022-06-13","2 wk ahead inc flu hosp","2022-06-25","51","quantile",0.99,363
"2022-06-13","3 wk ahead inc flu hosp","2022-07-02","51","quantile",0.01,0
"2022-06-13","3 wk ahead inc flu hosp","2022-07-02","51","quantile",0.025,0
"2022-06-13","3 wk ahead inc flu hosp","2022-07-02","51","quantile",0.05,0
"2022-06-13","3 wk ahead inc flu hosp","2022-07-02","51","quantile",0.1,0
"2022-06-13","3 wk ahead inc flu hosp","2022-07-02","51","quantile",0.15,0
"2022-06-13","3 wk ahead inc flu hosp","2022-07-02","51","quantile",0.2,0
"2022-06-13","3 wk ahead inc flu hosp","2022-07-02","51","quantile",0.25,1
"2022-06-13","3 wk ahead inc flu hosp","2022-07-02","51","quantile",0.3,4
"2022-06-13","3 wk ahead inc flu hosp","2022-07-02","51","quantile",0.35,8
"2022-06-13","3 wk ahead inc flu hosp","2022-07-02","51","quantile",0.4,14
"2022-06-13","3 wk ahead inc flu hosp","2022-07-02","51","quantile",0.45,22
"2022-06-13","3 wk ahead inc flu hosp","2022-07-02","51","quantile",0.5,32
"2022-06-13","3 wk ahead inc flu hosp","2022-07-02","51","quantile",0.55,43
"2022-06-13","3 wk ahead inc flu hosp","2022-07-02","51","quantile",0.6,56
"2022-06-13","3 wk ahead inc flu hosp","2022-07-02","51","quantile",0.65,72
"2022-06-13","3 wk ahead inc flu hosp","2022-07-02","51","quantile",0.7,90
"2022-06-13","3 wk ahead inc flu hosp","2022-07-02","51","quantile",0.75,112
"2022-06-13","3 wk ahead inc flu hosp","2022-07-02","51","quantile",0.8,140
"2022-06-13","3 wk ahead inc flu hosp","2022-07-02","51","quantile",0.85,175
"2022-06-13","3 wk ahead inc flu hosp","2022-07-02","51","quantile",0.9,225
"2022-06-13","3 wk ahead inc flu hosp","2022-07-02","51","quantile",0.95,310
"2022-06-13","3 wk ahead inc flu hosp","2022-07-02","51","quantile",0.975,391
"2022-06-13","3 wk ahead inc flu hosp","2022-07-02","51","quantile",0.99,505
"2022-06-13","4 wk ahead inc flu hosp","2022-07-09","51","quantile",0.01,0
"2022-06-13","4 wk ahead inc flu hosp","2022-07-09","51","quantile",0.025,0
"2022-06-13","4 wk ahead inc flu hosp","2022-07-09","51","quantile",0.05,0
"2022-06-13","4 wk ahead inc flu hosp","2022-07-09","51","quantile",0.1,0
"2022-06-13","4 wk ahead inc flu hosp","2022-07-09","51","quantile",0.15,0
"2022-06-13","4 wk ahead inc flu hosp","2022-07-09","51","quantile",0.2,0
"2022-06-13","4 wk ahead inc flu hosp","2022-07-09","51","quantile",0.25,0
"2022-06-13","4 wk ahead inc flu hosp","2022-07-09","51","quantile",0.3,2
"2022-06-13","4 wk ahead inc flu hosp","2022-07-09","51","quantile",0.35,6
"2022-06-13","4 wk ahead inc flu hosp","2022-07-09","51","quantile",0.4,12
"2022-06-13","4 wk ahead inc flu hosp","2022-07-09","51","quantile",0.45,21
"2022-06-13","4 wk ahead inc flu hosp","2022-07-09","51","quantile",0.5,31
"2022-06-13","4 wk ahead inc flu hosp","2022-07-09","51","quantile",0.55,45
"2022-06-13","4 wk ahead inc flu hosp","2022-07-09","51","quantile",0.6,61
"2022-06-13","4 wk ahead inc flu hosp","2022-07-09","51","quantile",0.65,81
"2022-06-13","4 wk ahead inc flu hosp","2022-07-09","51","quantile",0.7,103
"2022-06-13","4 wk ahead inc flu hosp","2022-07-09","51","quantile",0.75,130
"2022-06-13","4 wk ahead inc flu hosp","2022-07-09","51","quantile",0.8,165
"2022-06-13","4 wk ahead inc flu hosp","2022-07-09","51","quantile",0.85,210
"2022-06-13","4 wk ahead inc flu hosp","2022-07-09","51","quantile",0.9,275
"2022-06-13","4 wk ahead inc flu hosp","2022-07-09","51","quantile",0.95,386
"2022-06-13","4 wk ahead inc flu hosp","2022-07-09","51","quantile",0.975,494
"2022-06-13","4 wk ahead inc flu hosp","2022-07-09","51","quantile",0.99,636
"2022-06-13","1 wk ahead inc flu hosp","2022-06-18","51","point",NA,31
"2022-06-13","2 wk ahead inc flu hosp","2022-06-25","51","point",NA,32
"2022-06-13","3 wk ahead inc flu hosp","2022-07-02","51","point",NA,32
"2022-06-13","4 wk ahead inc flu hosp","2022-07-09","51","point",NA,31
"2022-06-13","1 wk ahead inc flu hosp","2022-06-18","53","quantile",0.01,0
"2022-06-13","1 wk ahead inc flu hosp","2022-06-18","53","quantile",0.025,0
"2022-06-13","1 wk ahead inc flu hosp","2022-06-18","53","quantile",0.05,1
"2022-06-13","1 wk ahead inc flu hosp","2022-06-18","53","quantile",0.1,3
"2022-06-13","1 wk ahead inc flu hosp","2022-06-18","53","quantile",0.15,7
"2022-06-13","1 wk ahead inc flu hosp","2022-06-18","53","quantile",0.2,13
"2022-06-13","1 wk ahead inc flu hosp","2022-06-18","53","quantile",0.25,19
"2022-06-13","1 wk ahead inc flu hosp","2022-06-18","53","quantile",0.3,26
"2022-06-13","1 wk ahead inc flu hosp","2022-06-18","53","quantile",0.35,34
"2022-06-13","1 wk ahead inc flu hosp","2022-06-18","53","quantile",0.4,42
"2022-06-13","1 wk ahead inc flu hosp","2022-06-18","53","quantile",0.45,52
"2022-06-13","1 wk ahead inc flu hosp","2022-06-18","53","quantile",0.5,63
"2022-06-13","1 wk ahead inc flu hosp","2022-06-18","53","quantile",0.55,74
"2022-06-13","1 wk ahead inc flu hosp","2022-06-18","53","quantile",0.6,87
"2022-06-13","1 wk ahead inc flu hosp","2022-06-18","53","quantile",0.65,101
"2022-06-13","1 wk ahead inc flu hosp","2022-06-18","53","quantile",0.7,117
"2022-06-13","1 wk ahead inc flu hosp","2022-06-18","53","quantile",0.75,136
"2022-06-13","1 wk ahead inc flu hosp","2022-06-18","53","quantile",0.8,158
"2022-06-13","1 wk ahead inc flu hosp","2022-06-18","53","quantile",0.85,187
"2022-06-13","1 wk ahead inc flu hosp","2022-06-18","53","quantile",0.9,226
"2022-06-13","1 wk ahead inc flu hosp","2022-06-18","53","quantile",0.95,292
"2022-06-13","1 wk ahead inc flu hosp","2022-06-18","53","quantile",0.975,354
"2022-06-13","1 wk ahead inc flu hosp","2022-06-18","53","quantile",0.99,435
"2022-06-13","2 wk ahead inc flu hosp","2022-06-25","53","quantile",0.01,0
"2022-06-13","2 wk ahead inc flu hosp","2022-06-25","53","quantile",0.025,0
"2022-06-13","2 wk ahead inc flu hosp","2022-06-25","53","quantile",0.05,0
"2022-06-13","2 wk ahead inc flu hosp","2022-06-25","53","quantile",0.1,0
"2022-06-13","2 wk ahead inc flu hosp","2022-06-25","53","quantile",0.15,0
"2022-06-13","2 wk ahead inc flu hosp","2022-06-25","53","quantile",0.2,3
"2022-06-13","2 wk ahead inc flu hosp","2022-06-25","53","quantile",0.25,7
"2022-06-13","2 wk ahead inc flu hosp","2022-06-25","53","quantile",0.3,14
"2022-06-13","2 wk ahead inc flu hosp","2022-06-25","53","quantile",0.35,23
"2022-06-13","2 wk ahead inc flu hosp","2022-06-25","53","quantile",0.4,34
"2022-06-13","2 wk ahead inc flu hosp","2022-06-25","53","quantile",0.45,47
"2022-06-13","2 wk ahead inc flu hosp","2022-06-25","53","quantile",0.5,63
"2022-06-13","2 wk ahead inc flu hosp","2022-06-25","53","quantile",0.55,82
"2022-06-13","2 wk ahead inc flu hosp","2022-06-25","53","quantile",0.6,103
"2022-06-13","2 wk ahead inc flu hosp","2022-06-25","53","quantile",0.65,128
"2022-06-13","2 wk ahead inc flu hosp","2022-06-25","53","quantile",0.7,156
"2022-06-13","2 wk ahead inc flu hosp","2022-06-25","53","quantile",0.75,189
"2022-06-13","2 wk ahead inc flu hosp","2022-06-25","53","quantile",0.8,231
"2022-06-13","2 wk ahead inc flu hosp","2022-06-25","53","quantile",0.85,285
"2022-06-13","2 wk ahead inc flu hosp","2022-06-25","53","quantile",0.9,361
"2022-06-13","2 wk ahead inc flu hosp","2022-06-25","53","quantile",0.95,487
"2022-06-13","2 wk ahead inc flu hosp","2022-06-25","53","quantile",0.975,617
"2022-06-13","2 wk ahead inc flu hosp","2022-06-25","53","quantile",0.99,785
"2022-06-13","3 wk ahead inc flu hosp","2022-07-02","53","quantile",0.01,0
"2022-06-13","3 wk ahead inc flu hosp","2022-07-02","53","quantile",0.025,0
"2022-06-13","3 wk ahead inc flu hosp","2022-07-02","53","quantile",0.05,0
"2022-06-13","3 wk ahead inc flu hosp","2022-07-02","53","quantile",0.1,0
"2022-06-13","3 wk ahead inc flu hosp","2022-07-02","53","quantile",0.15,0
"2022-06-13","3 wk ahead inc flu hosp","2022-07-02","53","quantile",0.2,0
"2022-06-13","3 wk ahead inc flu hosp","2022-07-02","53","quantile",0.25,2
"2022-06-13","3 wk ahead inc flu hosp","2022-07-02","53","quantile",0.3,7
"2022-06-13","3 wk ahead inc flu hosp","2022-07-02","53","quantile",0.35,16
"2022-06-13","3 wk ahead inc flu hosp","2022-07-02","53","quantile",0.4,28
"2022-06-13","3 wk ahead inc flu hosp","2022-07-02","53","quantile",0.45,44
"2022-06-13","3 wk ahead inc flu hosp","2022-07-02","53","quantile",0.5,64
"2022-06-13","3 wk ahead inc flu hosp","2022-07-02","53","quantile",0.55,88
"2022-06-13","3 wk ahead inc flu hosp","2022-07-02","53","quantile",0.6,115
"2022-06-13","3 wk ahead inc flu hosp","2022-07-02","53","quantile",0.65,146
"2022-06-13","3 wk ahead inc flu hosp","2022-07-02","53","quantile",0.7,185
"2022-06-13","3 wk ahead inc flu hosp","2022-07-02","53","quantile",0.75,232
"2022-06-13","3 wk ahead inc flu hosp","2022-07-02","53","quantile",0.8,291
"2022-06-13","3 wk ahead inc flu hosp","2022-07-02","53","quantile",0.85,367
"2022-06-13","3 wk ahead inc flu hosp","2022-07-02","53","quantile",0.9,477
"2022-06-13","3 wk ahead inc flu hosp","2022-07-02","53","quantile",0.95,668
"2022-06-13","3 wk ahead inc flu hosp","2022-07-02","53","quantile",0.975,852
"2022-06-13","3 wk ahead inc flu hosp","2022-07-02","53","quantile",0.99,1099
"2022-06-13","4 wk ahead inc flu hosp","2022-07-09","53","quantile",0.01,0
"2022-06-13","4 wk ahead inc flu hosp","2022-07-09","53","quantile",0.025,0
"2022-06-13","4 wk ahead inc flu hosp","2022-07-09","53","quantile",0.05,0
"2022-06-13","4 wk ahead inc flu hosp","2022-07-09","53","quantile",0.1,0
"2022-06-13","4 wk ahead inc flu hosp","2022-07-09","53","quantile",0.15,0
"2022-06-13","4 wk ahead inc flu hosp","2022-07-09","53","quantile",0.2,0
"2022-06-13","4 wk ahead inc flu hosp","2022-07-09","53","quantile",0.25,1
"2022-06-13","4 wk ahead inc flu hosp","2022-07-09","53","quantile",0.3,4
"2022-06-13","4 wk ahead inc flu hosp","2022-07-09","53","quantile",0.35,11
"2022-06-13","4 wk ahead inc flu hosp","2022-07-09","53","quantile",0.4,24
"2022-06-13","4 wk ahead inc flu hosp","2022-07-09","53","quantile",0.45,41
"2022-06-13","4 wk ahead inc flu hosp","2022-07-09","53","quantile",0.5,64
"2022-06-13","4 wk ahead inc flu hosp","2022-07-09","53","quantile",0.55,92
"2022-06-13","4 wk ahead inc flu hosp","2022-07-09","53","quantile",0.6,126
"2022-06-13","4 wk ahead inc flu hosp","2022-07-09","53","quantile",0.65,165
"2022-06-13","4 wk ahead inc flu hosp","2022-07-09","53","quantile",0.7,213
"2022-06-13","4 wk ahead inc flu hosp","2022-07-09","53","quantile",0.75,272
"2022-06-13","4 wk ahead inc flu hosp","2022-07-09","53","quantile",0.8,347
"2022-06-13","4 wk ahead inc flu hosp","2022-07-09","53","quantile",0.85,443
"2022-06-13","4 wk ahead inc flu hosp","2022-07-09","53","quantile",0.9,588
"2022-06-13","4 wk ahead inc flu hosp","2022-07-09","53","quantile",0.95,827
"2022-06-13","4 wk ahead inc flu hosp","2022-07-09","53","quantile",0.975,1073
"2022-06-13","4 wk ahead inc flu hosp","2022-07-09","53","quantile",0.99,1382
"2022-06-13","1 wk ahead inc flu hosp","2022-06-18","53","point",NA,63
"2022-06-13","2 wk ahead inc flu hosp","2022-06-25","53","point",NA,63
"2022-06-13","3 wk ahead inc flu hosp","2022-07-02","53","point",NA,64
"2022-06-13","4 wk ahead inc flu hosp","2022-07-09","53","point",NA,64
"2022-06-13","1 wk ahead inc flu hosp","2022-06-18","54","quantile",0.01,1
"2022-06-13","1 wk ahead inc flu hosp","2022-06-18","54","quantile",0.025,1
"2022-06-13","1 wk ahead inc flu hosp","2022-06-18","54","quantile",0.05,3
"2022-06-13","1 wk ahead inc flu hosp","2022-06-18","54","quantile",0.1,6
"2022-06-13","1 wk ahead inc flu hosp","2022-06-18","54","quantile",0.15,9
"2022-06-13","1 wk ahead inc flu hosp","2022-06-18","54","quantile",0.2,12
"2022-06-13","1 wk ahead inc flu hosp","2022-06-18","54","quantile",0.25,15
"2022-06-13","1 wk ahead inc flu hosp","2022-06-18","54","quantile",0.3,18
"2022-06-13","1 wk ahead inc flu hosp","2022-06-18","54","quantile",0.35,21
"2022-06-13","1 wk ahead inc flu hosp","2022-06-18","54","quantile",0.4,23
"2022-06-13","1 wk ahead inc flu hosp","2022-06-18","54","quantile",0.45,26
"2022-06-13","1 wk ahead inc flu hosp","2022-06-18","54","quantile",0.5,29
"2022-06-13","1 wk ahead inc flu hosp","2022-06-18","54","quantile",0.55,32
"2022-06-13","1 wk ahead inc flu hosp","2022-06-18","54","quantile",0.6,36
"2022-06-13","1 wk ahead inc flu hosp","2022-06-18","54","quantile",0.65,39
"2022-06-13","1 wk ahead inc flu hosp","2022-06-18","54","quantile",0.7,43
"2022-06-13","1 wk ahead inc flu hosp","2022-06-18","54","quantile",0.75,47
"2022-06-13","1 wk ahead inc flu hosp","2022-06-18","54","quantile",0.8,53
"2022-06-13","1 wk ahead inc flu hosp","2022-06-18","54","quantile",0.85,59
"2022-06-13","1 wk ahead inc flu hosp","2022-06-18","54","quantile",0.9,68
"2022-06-13","1 wk ahead inc flu hosp","2022-06-18","54","quantile",0.95,81
"2022-06-13","1 wk ahead inc flu hosp","2022-06-18","54","quantile",0.975,94
"2022-06-13","1 wk ahead inc flu hosp","2022-06-18","54","quantile",0.99,111
"2022-06-13","2 wk ahead inc flu hosp","2022-06-25","54","quantile",0.01,0
"2022-06-13","2 wk ahead inc flu hosp","2022-06-25","54","quantile",0.025,0
"2022-06-13","2 wk ahead inc flu hosp","2022-06-25","54","quantile",0.05,0
"2022-06-13","2 wk ahead inc flu hosp","2022-06-25","54","quantile",0.1,1
"2022-06-13","2 wk ahead inc flu hosp","2022-06-25","54","quantile",0.15,3
"2022-06-13","2 wk ahead inc flu hosp","2022-06-25","54","quantile",0.2,6
"2022-06-13","2 wk ahead inc flu hosp","2022-06-25","54","quantile",0.25,9
"2022-06-13","2 wk ahead inc flu hosp","2022-06-25","54","quantile",0.3,13
"2022-06-13","2 wk ahead inc flu hosp","2022-06-25","54","quantile",0.35,16
"2022-06-13","2 wk ahead inc flu hosp","2022-06-25","54","quantile",0.4,20
"2022-06-13","2 wk ahead inc flu hosp","2022-06-25","54","quantile",0.45,25
"2022-06-13","2 wk ahead inc flu hosp","2022-06-25","54","quantile",0.5,29
"2022-06-13","2 wk ahead inc flu hosp","2022-06-25","54","quantile",0.55,34
"2022-06-13","2 wk ahead inc flu hosp","2022-06-25","54","quantile",0.6,40
"2022-06-13","2 wk ahead inc flu hosp","2022-06-25","54","quantile",0.65,45
"2022-06-13","2 wk ahead inc flu hosp","2022-06-25","54","quantile",0.7,52
"2022-06-13","2 wk ahead inc flu hosp","2022-06-25","54","quantile",0.75,60
"2022-06-13","2 wk ahead inc flu hosp","2022-06-25","54","quantile",0.8,69
"2022-06-13","2 wk ahead inc flu hosp","2022-06-25","54","quantile",0.85,80
"2022-06-13","2 wk ahead inc flu hosp","2022-06-25","54","quantile",0.9,95
"2022-06-13","2 wk ahead inc flu hosp","2022-06-25","54","quantile",0.95,121
"2022-06-13","2 wk ahead inc flu hosp","2022-06-25","54","quantile",0.975,144
"2022-06-13","2 wk ahead inc flu hosp","2022-06-25","54","quantile",0.99,174
"2022-06-13","3 wk ahead inc flu hosp","2022-07-02","54","quantile",0.01,0
"2022-06-13","3 wk ahead inc flu hosp","2022-07-02","54","quantile",0.025,0
"2022-06-13","3 wk ahead inc flu hosp","2022-07-02","54","quantile",0.05,0
"2022-06-13","3 wk ahead inc flu hosp","2022-07-02","54","quantile",0.1,0
"2022-06-13","3 wk ahead inc flu hosp","2022-07-02","54","quantile",0.15,1
"2022-06-13","3 wk ahead inc flu hosp","2022-07-02","54","quantile",0.2,3
"2022-06-13","3 wk ahead inc flu hosp","2022-07-02","54","quantile",0.25,6
"2022-06-13","3 wk ahead inc flu hosp","2022-07-02","54","quantile",0.3,9
"2022-06-13","3 wk ahead inc flu hosp","2022-07-02","54","quantile",0.35,14
"2022-06-13","3 wk ahead inc flu hosp","2022-07-02","54","quantile",0.4,18
"2022-06-13","3 wk ahead inc flu hosp","2022-07-02","54","quantile",0.45,24
"2022-06-13","3 wk ahead inc flu hosp","2022-07-02","54","quantile",0.5,29
"2022-06-13","3 wk ahead inc flu hosp","2022-07-02","54","quantile",0.55,36
"2022-06-13","3 wk ahead inc flu hosp","2022-07-02","54","quantile",0.6,43
"2022-06-13","3 wk ahead inc flu hosp","2022-07-02","54","quantile",0.65,50
"2022-06-13","3 wk ahead inc flu hosp","2022-07-02","54","quantile",0.7,59
"2022-06-13","3 wk ahead inc flu hosp","2022-07-02","54","quantile",0.75,69
"2022-06-13","3 wk ahead inc flu hosp","2022-07-02","54","quantile",0.8,81
"2022-06-13","3 wk ahead inc flu hosp","2022-07-02","54","quantile",0.85,97
"2022-06-13","3 wk ahead inc flu hosp","2022-07-02","54","quantile",0.9,118
"2022-06-13","3 wk ahead inc flu hosp","2022-07-02","54","quantile",0.95,152
"2022-06-13","3 wk ahead inc flu hosp","2022-07-02","54","quantile",0.975,186
"2022-06-13","3 wk ahead inc flu hosp","2022-07-02","54","quantile",0.99,228
"2022-06-13","4 wk ahead inc flu hosp","2022-07-09","54","quantile",0.01,0
"2022-06-13","4 wk ahead inc flu hosp","2022-07-09","54","quantile",0.025,0
"2022-06-13","4 wk ahead inc flu hosp","2022-07-09","54","quantile",0.05,0
"2022-06-13","4 wk ahead inc flu hosp","2022-07-09","54","quantile",0.1,0
"2022-06-13","4 wk ahead inc flu hosp","2022-07-09","54","quantile",0.15,0
"2022-06-13","4 wk ahead inc flu hosp","2022-07-09","54","quantile",0.2,1
"2022-06-13","4 wk ahead inc flu hosp","2022-07-09","54","quantile",0.25,3
"2022-06-13","4 wk ahead inc flu hosp","2022-07-09","54","quantile",0.3,7
"2022-06-13","4 wk ahead inc flu hosp","2022-07-09","54","quantile",0.35,11
"2022-06-13","4 wk ahead inc flu hosp","2022-07-09","54","quantile",0.4,17
"2022-06-13","4 wk ahead inc flu hosp","2022-07-09","54","quantile",0.45,23
"2022-06-13","4 wk ahead inc flu hosp","2022-07-09","54","quantile",0.5,29
"2022-06-13","4 wk ahead inc flu hosp","2022-07-09","54","quantile",0.55,37
"2022-06-13","4 wk ahead inc flu hosp","2022-07-09","54","quantile",0.6,45
"2022-06-13","4 wk ahead inc flu hosp","2022-07-09","54","quantile",0.65,54
"2022-06-13","4 wk ahead inc flu hosp","2022-07-09","54","quantile",0.7,65
"2022-06-13","4 wk ahead inc flu hosp","2022-07-09","54","quantile",0.75,77
"2022-06-13","4 wk ahead inc flu hosp","2022-07-09","54","quantile",0.8,92
"2022-06-13","4 wk ahead inc flu hosp","2022-07-09","54","quantile",0.85,112
"2022-06-13","4 wk ahead inc flu hosp","2022-07-09","54","quantile",0.9,139
"2022-06-13","4 wk ahead inc flu hosp","2022-07-09","54","quantile",0.95,183
"2022-06-13","4 wk ahead inc flu hosp","2022-07-09","54","quantile",0.975,225
"2022-06-13","4 wk ahead inc flu hosp","2022-07-09","54","quantile",0.99,280
"2022-06-13","1 wk ahead inc flu hosp","2022-06-18","54","point",NA,29
"2022-06-13","2 wk ahead inc flu hosp","2022-06-25","54","point",NA,29
"2022-06-13","3 wk ahead inc flu hosp","2022-07-02","54","point",NA,29
"2022-06-13","4 wk ahead inc flu hosp","2022-07-09","54","point",NA,29
"2022-06-13","1 wk ahead inc flu hosp","2022-06-18","55","quantile",0.01,0
"2022-06-13","1 wk ahead inc flu hosp","2022-06-18","55","quantile",0.025,0
"2022-06-13","1 wk ahead inc flu hosp","2022-06-18","55","quantile",0.05,0
"2022-06-13","1 wk ahead inc flu hosp","2022-06-18","55","quantile",0.1,1
"2022-06-13","1 wk ahead inc flu hosp","2022-06-18","55","quantile",0.15,2
"2022-06-13","1 wk ahead inc flu hosp","2022-06-18","55","quantile",0.2,4
"2022-06-13","1 wk ahead inc flu hosp","2022-06-18","55","quantile",0.25,5
"2022-06-13","1 wk ahead inc flu hosp","2022-06-18","55","quantile",0.3,7
"2022-06-13","1 wk ahead inc flu hosp","2022-06-18","55","quantile",0.35,9
"2022-06-13","1 wk ahead inc flu hosp","2022-06-18","55","quantile",0.4,11
"2022-06-13","1 wk ahead inc flu hosp","2022-06-18","55","quantile",0.45,13
"2022-06-13","1 wk ahead inc flu hosp","2022-06-18","55","quantile",0.5,15
"2022-06-13","1 wk ahead inc flu hosp","2022-06-18","55","quantile",0.55,18
"2022-06-13","1 wk ahead inc flu hosp","2022-06-18","55","quantile",0.6,20
"2022-06-13","1 wk ahead inc flu hosp","2022-06-18","55","quantile",0.65,23
"2022-06-13","1 wk ahead inc flu hosp","2022-06-18","55","quantile",0.7,27
"2022-06-13","1 wk ahead inc flu hosp","2022-06-18","55","quantile",0.75,30
"2022-06-13","1 wk ahead inc flu hosp","2022-06-18","55","quantile",0.8,35
"2022-06-13","1 wk ahead inc flu hosp","2022-06-18","55","quantile",0.85,40
"2022-06-13","1 wk ahead inc flu hosp","2022-06-18","55","quantile",0.9,48
"2022-06-13","1 wk ahead inc flu hosp","2022-06-18","55","quantile",0.95,60
"2022-06-13","1 wk ahead inc flu hosp","2022-06-18","55","quantile",0.975,72
"2022-06-13","1 wk ahead inc flu hosp","2022-06-18","55","quantile",0.99,87
"2022-06-13","2 wk ahead inc flu hosp","2022-06-25","55","quantile",0.01,0
"2022-06-13","2 wk ahead inc flu hosp","2022-06-25","55","quantile",0.025,0
"2022-06-13","2 wk ahead inc flu hosp","2022-06-25","55","quantile",0.05,0
"2022-06-13","2 wk ahead inc flu hosp","2022-06-25","55","quantile",0.1,0
"2022-06-13","2 wk ahead inc flu hosp","2022-06-25","55","quantile",0.15,0
"2022-06-13","2 wk ahead inc flu hosp","2022-06-25","55","quantile",0.2,1
"2022-06-13","2 wk ahead inc flu hosp","2022-06-25","55","quantile",0.25,2
"2022-06-13","2 wk ahead inc flu hosp","2022-06-25","55","quantile",0.3,4
"2022-06-13","2 wk ahead inc flu hosp","2022-06-25","55","quantile",0.35,6
"2022-06-13","2 wk ahead inc flu hosp","2022-06-25","55","quantile",0.4,9
"2022-06-13","2 wk ahead inc flu hosp","2022-06-25","55","quantile",0.45,12
"2022-06-13","2 wk ahead inc flu hosp","2022-06-25","55","quantile",0.5,16
"2022-06-13","2 wk ahead inc flu hosp","2022-06-25","55","quantile",0.55,19
"2022-06-13","2 wk ahead inc flu hosp","2022-06-25","55","quantile",0.6,24
"2022-06-13","2 wk ahead inc flu hosp","2022-06-25","55","quantile",0.65,29
"2022-06-13","2 wk ahead inc flu hosp","2022-06-25","55","quantile",0.7,34
"2022-06-13","2 wk ahead inc flu hosp","2022-06-25","55","quantile",0.75,41
"2022-06-13","2 wk ahead inc flu hosp","2022-06-25","55","quantile",0.8,49
"2022-06-13","2 wk ahead inc flu hosp","2022-06-25","55","quantile",0.85,59
"2022-06-13","2 wk ahead inc flu hosp","2022-06-25","55","quantile",0.9,73
"2022-06-13","2 wk ahead inc flu hosp","2022-06-25","55","quantile",0.95,96
"2022-06-13","2 wk ahead inc flu hosp","2022-06-25","55","quantile",0.975,118
"2022-06-13","2 wk ahead inc flu hosp","2022-06-25","55","quantile",0.99,148
"2022-06-13","3 wk ahead inc flu hosp","2022-07-02","55","quantile",0.01,0
"2022-06-13","3 wk ahead inc flu hosp","2022-07-02","55","quantile",0.025,0
"2022-06-13","3 wk ahead inc flu hosp","2022-07-02","55","quantile",0.05,0
"2022-06-13","3 wk ahead inc flu hosp","2022-07-02","55","quantile",0.1,0
"2022-06-13","3 wk ahead inc flu hosp","2022-07-02","55","quantile",0.15,0
"2022-06-13","3 wk ahead inc flu hosp","2022-07-02","55","quantile",0.2,0
"2022-06-13","3 wk ahead inc flu hosp","2022-07-02","55","quantile",0.25,1
"2022-06-13","3 wk ahead inc flu hosp","2022-07-02","55","quantile",0.3,2
"2022-06-13","3 wk ahead inc flu hosp","2022-07-02","55","quantile",0.35,4
"2022-06-13","3 wk ahead inc flu hosp","2022-07-02","55","quantile",0.4,7
"2022-06-13","3 wk ahead inc flu hosp","2022-07-02","55","quantile",0.45,11
"2022-06-13","3 wk ahead inc flu hosp","2022-07-02","55","quantile",0.5,16
"2022-06-13","3 wk ahead inc flu hosp","2022-07-02","55","quantile",0.55,21
"2022-06-13","3 wk ahead inc flu hosp","2022-07-02","55","quantile",0.6,26
"2022-06-13","3 wk ahead inc flu hosp","2022-07-02","55","quantile",0.65,33
"2022-06-13","3 wk ahead inc flu hosp","2022-07-02","55","quantile",0.7,40
"2022-06-13","3 wk ahead inc flu hosp","2022-07-02","55","quantile",0.75,49
"2022-06-13","3 wk ahead inc flu hosp","2022-07-02","55","quantile",0.8,60
"2022-06-13","3 wk ahead inc flu hosp","2022-07-02","55","quantile",0.85,74
"2022-06-13","3 wk ahead inc flu hosp","2022-07-02","55","quantile",0.9,94
"2022-06-13","3 wk ahead inc flu hosp","2022-07-02","55","quantile",0.95,126
"2022-06-13","3 wk ahead inc flu hosp","2022-07-02","55","quantile",0.975,159
"2022-06-13","3 wk ahead inc flu hosp","2022-07-02","55","quantile",0.99,200
"2022-06-13","4 wk ahead inc flu hosp","2022-07-09","55","quantile",0.01,0
"2022-06-13","4 wk ahead inc flu hosp","2022-07-09","55","quantile",0.025,0
"2022-06-13","4 wk ahead inc flu hosp","2022-07-09","55","quantile",0.05,0
"2022-06-13","4 wk ahead inc flu hosp","2022-07-09","55","quantile",0.1,0
"2022-06-13","4 wk ahead inc flu hosp","2022-07-09","55","quantile",0.15,0
"2022-06-13","4 wk ahead inc flu hosp","2022-07-09","55","quantile",0.2,0
"2022-06-13","4 wk ahead inc flu hosp","2022-07-09","55","quantile",0.25,0
"2022-06-13","4 wk ahead inc flu hosp","2022-07-09","55","quantile",0.3,1
"2022-06-13","4 wk ahead inc flu hosp","2022-07-09","55","quantile",0.35,3
"2022-06-13","4 wk ahead inc flu hosp","2022-07-09","55","quantile",0.4,6
"2022-06-13","4 wk ahead inc flu hosp","2022-07-09","55","quantile",0.45,11
"2022-06-13","4 wk ahead inc flu hosp","2022-07-09","55","quantile",0.5,16
"2022-06-13","4 wk ahead inc flu hosp","2022-07-09","55","quantile",0.55,21
"2022-06-13","4 wk ahead inc flu hosp","2022-07-09","55","quantile",0.6,28
"2022-06-13","4 wk ahead inc flu hosp","2022-07-09","55","quantile",0.65,37
"2022-06-13","4 wk ahead inc flu hosp","2022-07-09","55","quantile",0.7,46
"2022-06-13","4 wk ahead inc flu hosp","2022-07-09","55","quantile",0.75,57
"2022-06-13","4 wk ahead inc flu hosp","2022-07-09","55","quantile",0.8,71
"2022-06-13","4 wk ahead inc flu hosp","2022-07-09","55","quantile",0.85,88
"2022-06-13","4 wk ahead inc flu hosp","2022-07-09","55","quantile",0.9,112
"2022-06-13","4 wk ahead inc flu hosp","2022-07-09","55","quantile",0.95,155
"2022-06-13","4 wk ahead inc flu hosp","2022-07-09","55","quantile",0.975,194
"2022-06-13","4 wk ahead inc flu hosp","2022-07-09","55","quantile",0.99,249
"2022-06-13","1 wk ahead inc flu hosp","2022-06-18","55","point",NA,15
"2022-06-13","2 wk ahead inc flu hosp","2022-06-25","55","point",NA,16
"2022-06-13","3 wk ahead inc flu hosp","2022-07-02","55","point",NA,16
"2022-06-13","4 wk ahead inc flu hosp","2022-07-09","55","point",NA,16
"2022-06-13","1 wk ahead inc flu hosp","2022-06-18","56","quantile",0.01,0
"2022-06-13","1 wk ahead inc flu hosp","2022-06-18","56","quantile",0.025,0
"2022-06-13","1 wk ahead inc flu hosp","2022-06-18","56","quantile",0.05,0
"2022-06-13","1 wk ahead inc flu hosp","2022-06-18","56","quantile",0.1,0
"2022-06-13","1 wk ahead inc flu hosp","2022-06-18","56","quantile",0.15,1
"2022-06-13","1 wk ahead inc flu hosp","2022-06-18","56","quantile",0.2,1
"2022-06-13","1 wk ahead inc flu hosp","2022-06-18","56","quantile",0.25,2
"2022-06-13","1 wk ahead inc flu hosp","2022-06-18","56","quantile",0.3,3
"2022-06-13","1 wk ahead inc flu hosp","2022-06-18","56","quantile",0.35,4
"2022-06-13","1 wk ahead inc flu hosp","2022-06-18","56","quantile",0.4,5
"2022-06-13","1 wk ahead inc flu hosp","2022-06-18","56","quantile",0.45,7
"2022-06-13","1 wk ahead inc flu hosp","2022-06-18","56","quantile",0.5,9
"2022-06-13","1 wk ahead inc flu hosp","2022-06-18","56","quantile",0.55,11
"2022-06-13","1 wk ahead inc flu hosp","2022-06-18","56","quantile",0.6,13
"2022-06-13","1 wk ahead inc flu hosp","2022-06-18","56","quantile",0.65,15
"2022-06-13","1 wk ahead inc flu hosp","2022-06-18","56","quantile",0.7,18
"2022-06-13","1 wk ahead inc flu hosp","2022-06-18","56","quantile",0.75,22
"2022-06-13","1 wk ahead inc flu hosp","2022-06-18","56","quantile",0.8,26
"2022-06-13","1 wk ahead inc flu hosp","2022-06-18","56","quantile",0.85,31
"2022-06-13","1 wk ahead inc flu hosp","2022-06-18","56","quantile",0.9,37
"2022-06-13","1 wk ahead inc flu hosp","2022-06-18","56","quantile",0.95,48
"2022-06-13","1 wk ahead inc flu hosp","2022-06-18","56","quantile",0.975,59
"2022-06-13","1 wk ahead inc flu hosp","2022-06-18","56","quantile",0.99,71
"2022-06-13","2 wk ahead inc flu hosp","2022-06-25","56","quantile",0.01,0
"2022-06-13","2 wk ahead inc flu hosp","2022-06-25","56","quantile",0.025,0
"2022-06-13","2 wk ahead inc flu hosp","2022-06-25","56","quantile",0.05,0
"2022-06-13","2 wk ahead inc flu hosp","2022-06-25","56","quantile",0.1,0
"2022-06-13","2 wk ahead inc flu hosp","2022-06-25","56","quantile",0.15,0
"2022-06-13","2 wk ahead inc flu hosp","2022-06-25","56","quantile",0.2,0
"2022-06-13","2 wk ahead inc flu hosp","2022-06-25","56","quantile",0.25,1
"2022-06-13","2 wk ahead inc flu hosp","2022-06-25","56","quantile",0.3,1
"2022-06-13","2 wk ahead inc flu hosp","2022-06-25","56","quantile",0.35,2
"2022-06-13","2 wk ahead inc flu hosp","2022-06-25","56","quantile",0.4,4
"2022-06-13","2 wk ahead inc flu hosp","2022-06-25","56","quantile",0.45,6
"2022-06-13","2 wk ahead inc flu hosp","2022-06-25","56","quantile",0.5,9
"2022-06-13","2 wk ahead inc flu hosp","2022-06-25","56","quantile",0.55,12
"2022-06-13","2 wk ahead inc flu hosp","2022-06-25","56","quantile",0.6,16
"2022-06-13","2 wk ahead inc flu hosp","2022-06-25","56","quantile",0.65,20
"2022-06-13","2 wk ahead inc flu hosp","2022-06-25","56","quantile",0.7,25
"2022-06-13","2 wk ahead inc flu hosp","2022-06-25","56","quantile",0.75,31
"2022-06-13","2 wk ahead inc flu hosp","2022-06-25","56","quantile",0.8,38
"2022-06-13","2 wk ahead inc flu hosp","2022-06-25","56","quantile",0.85,47
"2022-06-13","2 wk ahead inc flu hosp","2022-06-25","56","quantile",0.9,60
"2022-06-13","2 wk ahead inc flu hosp","2022-06-25","56","quantile",0.95,81
"2022-06-13","2 wk ahead inc flu hosp","2022-06-25","56","quantile",0.975,101
"2022-06-13","2 wk ahead inc flu hosp","2022-06-25","56","quantile",0.99,128
"2022-06-13","3 wk ahead inc flu hosp","2022-07-02","56","quantile",0.01,0
"2022-06-13","3 wk ahead inc flu hosp","2022-07-02","56","quantile",0.025,0
"2022-06-13","3 wk ahead inc flu hosp","2022-07-02","56","quantile",0.05,0
"2022-06-13","3 wk ahead inc flu hosp","2022-07-02","56","quantile",0.1,0
"2022-06-13","3 wk ahead inc flu hosp","2022-07-02","56","quantile",0.15,0
"2022-06-13","3 wk ahead inc flu hosp","2022-07-02","56","quantile",0.2,0
"2022-06-13","3 wk ahead inc flu hosp","2022-07-02","56","quantile",0.25,0
"2022-06-13","3 wk ahead inc flu hosp","2022-07-02","56","quantile",0.3,1
"2022-06-13","3 wk ahead inc flu hosp","2022-07-02","56","quantile",0.35,2
"2022-06-13","3 wk ahead inc flu hosp","2022-07-02","56","quantile",0.4,3
"2022-06-13","3 wk ahead inc flu hosp","2022-07-02","56","quantile",0.45,6
"2022-06-13","3 wk ahead inc flu hosp","2022-07-02","56","quantile",0.5,9
"2022-06-13","3 wk ahead inc flu hosp","2022-07-02","56","quantile",0.55,13
"2022-06-13","3 wk ahead inc flu hosp","2022-07-02","56","quantile",0.6,18
"2022-06-13","3 wk ahead inc flu hosp","2022-07-02","56","quantile",0.65,24
"2022-06-13","3 wk ahead inc flu hosp","2022-07-02","56","quantile",0.7,30
"2022-06-13","3 wk ahead inc flu hosp","2022-07-02","56","quantile",0.75,38
"2022-06-13","3 wk ahead inc flu hosp","2022-07-02","56","quantile",0.8,48
"2022-06-13","3 wk ahead inc flu hosp","2022-07-02","56","quantile",0.85,61
"2022-06-13","3 wk ahead inc flu hosp","2022-07-02","56","quantile",0.9,78
"2022-06-13","3 wk ahead inc flu hosp","2022-07-02","56","quantile",0.95,109
"2022-06-13","3 wk ahead inc flu hosp","2022-07-02","56","quantile",0.975,138
"2022-06-13","3 wk ahead inc flu hosp","2022-07-02","56","quantile",0.99,177
"2022-06-13","4 wk ahead inc flu hosp","2022-07-09","56","quantile",0.01,0
"2022-06-13","4 wk ahead inc flu hosp","2022-07-09","56","quantile",0.025,0
"2022-06-13","4 wk ahead inc flu hosp","2022-07-09","56","quantile",0.05,0
"2022-06-13","4 wk ahead inc flu hosp","2022-07-09","56","quantile",0.1,0
"2022-06-13","4 wk ahead inc flu hosp","2022-07-09","56","quantile",0.15,0
"2022-06-13","4 wk ahead inc flu hosp","2022-07-09","56","quantile",0.2,0
"2022-06-13","4 wk ahead inc flu hosp","2022-07-09","56","quantile",0.25,0
"2022-06-13","4 wk ahead inc flu hosp","2022-07-09","56","quantile",0.3,0
"2022-06-13","4 wk ahead inc flu hosp","2022-07-09","56","quantile",0.35,1
"2022-06-13","4 wk ahead inc flu hosp","2022-07-09","56","quantile",0.4,3
"2022-06-13","4 wk ahead inc flu hosp","2022-07-09","56","quantile",0.45,5
"2022-06-13","4 wk ahead inc flu hosp","2022-07-09","56","quantile",0.5,9
"2022-06-13","4 wk ahead inc flu hosp","2022-07-09","56","quantile",0.55,14
"2022-06-13","4 wk ahead inc flu hosp","2022-07-09","56","quantile",0.6,20
"2022-06-13","4 wk ahead inc flu hosp","2022-07-09","56","quantile",0.65,27
"2022-06-13","4 wk ahead inc flu hosp","2022-07-09","56","quantile",0.7,35
"2022-06-13","4 wk ahead inc flu hosp","2022-07-09","56","quantile",0.75,45
"2022-06-13","4 wk ahead inc flu hosp","2022-07-09","56","quantile",0.8,57
"2022-06-13","4 wk ahead inc flu hosp","2022-07-09","56","quantile",0.85,73
"2022-06-13","4 wk ahead inc flu hosp","2022-07-09","56","quantile",0.9,96
"2022-06-13","4 wk ahead inc flu hosp","2022-07-09","56","quantile",0.95,135
"2022-06-13","4 wk ahead inc flu hosp","2022-07-09","56","quantile",0.975,174
"2022-06-13","4 wk ahead inc flu hosp","2022-07-09","56","quantile",0.99,227
"2022-06-13","1 wk ahead inc flu hosp","2022-06-18","56","point",NA,9
"2022-06-13","2 wk ahead inc flu hosp","2022-06-25","56","point",NA,9
"2022-06-13","3 wk ahead inc flu hosp","2022-07-02","56","point",NA,9
"2022-06-13","4 wk ahead inc flu hosp","2022-07-09","56","point",NA,9
"2022-06-13","1 wk ahead inc flu hosp","2022-06-18","72","quantile",0.01,0
"2022-06-13","1 wk ahead inc flu hosp","2022-06-18","72","quantile",0.025,0
"2022-06-13","1 wk ahead inc flu hosp","2022-06-18","72","quantile",0.05,0
"2022-06-13","1 wk ahead inc flu hosp","2022-06-18","72","quantile",0.1,1
"2022-06-13","1 wk ahead inc flu hosp","2022-06-18","72","quantile",0.15,2
"2022-06-13","1 wk ahead inc flu hosp","2022-06-18","72","quantile",0.2,3
"2022-06-13","1 wk ahead inc flu hosp","2022-06-18","72","quantile",0.25,6
"2022-06-13","1 wk ahead inc flu hosp","2022-06-18","72","quantile",0.3,8
"2022-06-13","1 wk ahead inc flu hosp","2022-06-18","72","quantile",0.35,12
"2022-06-13","1 wk ahead inc flu hosp","2022-06-18","72","quantile",0.4,16
"2022-06-13","1 wk ahead inc flu hosp","2022-06-18","72","quantile",0.45,20
"2022-06-13","1 wk ahead inc flu hosp","2022-06-18","72","quantile",0.5,25
"2022-06-13","1 wk ahead inc flu hosp","2022-06-18","72","quantile",0.55,31
"2022-06-13","1 wk ahead inc flu hosp","2022-06-18","72","quantile",0.6,38
"2022-06-13","1 wk ahead inc flu hosp","2022-06-18","72","quantile",0.65,45
"2022-06-13","1 wk ahead inc flu hosp","2022-06-18","72","quantile",0.7,54
"2022-06-13","1 wk ahead inc flu hosp","2022-06-18","72","quantile",0.75,64
"2022-06-13","1 wk ahead inc flu hosp","2022-06-18","72","quantile",0.8,76
"2022-06-13","1 wk ahead inc flu hosp","2022-06-18","72","quantile",0.85,92
"2022-06-13","1 wk ahead inc flu hosp","2022-06-18","72","quantile",0.9,114
"2022-06-13","1 wk ahead inc flu hosp","2022-06-18","72","quantile",0.95,150
"2022-06-13","1 wk ahead inc flu hosp","2022-06-18","72","quantile",0.975,184
"2022-06-13","1 wk ahead inc flu hosp","2022-06-18","72","quantile",0.99,224
"2022-06-13","2 wk ahead inc flu hosp","2022-06-25","72","quantile",0.01,0
"2022-06-13","2 wk ahead inc flu hosp","2022-06-25","72","quantile",0.025,0
"2022-06-13","2 wk ahead inc flu hosp","2022-06-25","72","quantile",0.05,0
"2022-06-13","2 wk ahead inc flu hosp","2022-06-25","72","quantile",0.1,0
"2022-06-13","2 wk ahead inc flu hosp","2022-06-25","72","quantile",0.15,0
"2022-06-13","2 wk ahead inc flu hosp","2022-06-25","72","quantile",0.2,0
"2022-06-13","2 wk ahead inc flu hosp","2022-06-25","72","quantile",0.25,1
"2022-06-13","2 wk ahead inc flu hosp","2022-06-25","72","quantile",0.3,4
"2022-06-13","2 wk ahead inc flu hosp","2022-06-25","72","quantile",0.35,7
"2022-06-13","2 wk ahead inc flu hosp","2022-06-25","72","quantile",0.4,12
"2022-06-13","2 wk ahead inc flu hosp","2022-06-25","72","quantile",0.45,18
"2022-06-13","2 wk ahead inc flu hosp","2022-06-25","72","quantile",0.5,26
"2022-06-13","2 wk ahead inc flu hosp","2022-06-25","72","quantile",0.55,35
"2022-06-13","2 wk ahead inc flu hosp","2022-06-25","72","quantile",0.6,46
"2022-06-13","2 wk ahead inc flu hosp","2022-06-25","72","quantile",0.65,59
"2022-06-13","2 wk ahead inc flu hosp","2022-06-25","72","quantile",0.7,74
"2022-06-13","2 wk ahead inc flu hosp","2022-06-25","72","quantile",0.75,92
"2022-06-13","2 wk ahead inc flu hosp","2022-06-25","72","quantile",0.8,115
"2022-06-13","2 wk ahead inc flu hosp","2022-06-25","72","quantile",0.85,145
"2022-06-13","2 wk ahead inc flu hosp","2022-06-25","72","quantile",0.9,187
"2022-06-13","2 wk ahead inc flu hosp","2022-06-25","72","quantile",0.95,257
"2022-06-13","2 wk ahead inc flu hosp","2022-06-25","72","quantile",0.975,326
"2022-06-13","2 wk ahead inc flu hosp","2022-06-25","72","quantile",0.99,419
"2022-06-13","3 wk ahead inc flu hosp","2022-07-02","72","quantile",0.01,0
"2022-06-13","3 wk ahead inc flu hosp","2022-07-02","72","quantile",0.025,0
"2022-06-13","3 wk ahead inc flu hosp","2022-07-02","72","quantile",0.05,0
"2022-06-13","3 wk ahead inc flu hosp","2022-07-02","72","quantile",0.1,0
"2022-06-13","3 wk ahead inc flu hosp","2022-07-02","72","quantile",0.15,0
"2022-06-13","3 wk ahead inc flu hosp","2022-07-02","72","quantile",0.2,0
"2022-06-13","3 wk ahead inc flu hosp","2022-07-02","72","quantile",0.25,0
"2022-06-13","3 wk ahead inc flu hosp","2022-07-02","72","quantile",0.3,2
"2022-06-13","3 wk ahead inc flu hosp","2022-07-02","72","quantile",0.35,5
"2022-06-13","3 wk ahead inc flu hosp","2022-07-02","72","quantile",0.4,9
"2022-06-13","3 wk ahead inc flu hosp","2022-07-02","72","quantile",0.45,17
"2022-06-13","3 wk ahead inc flu hosp","2022-07-02","72","quantile",0.5,26
"2022-06-13","3 wk ahead inc flu hosp","2022-07-02","72","quantile",0.55,38
"2022-06-13","3 wk ahead inc flu hosp","2022-07-02","72","quantile",0.6,53
"2022-06-13","3 wk ahead inc flu hosp","2022-07-02","72","quantile",0.65,70
"2022-06-13","3 wk ahead inc flu hosp","2022-07-02","72","quantile",0.7,90
"2022-06-13","3 wk ahead inc flu hosp","2022-07-02","72","quantile",0.75,116
"2022-06-13","3 wk ahead inc flu hosp","2022-07-02","72","quantile",0.8,147
"2022-06-13","3 wk ahead inc flu hosp","2022-07-02","72","quantile",0.85,189
"2022-06-13","3 wk ahead inc flu hosp","2022-07-02","72","quantile",0.9,250
"2022-06-13","3 wk ahead inc flu hosp","2022-07-02","72","quantile",0.95,354
"2022-06-13","3 wk ahead inc flu hosp","2022-07-02","72","quantile",0.975,458
"2022-06-13","3 wk ahead inc flu hosp","2022-07-02","72","quantile",0.99,594
"2022-06-13","4 wk ahead inc flu hosp","2022-07-09","72","quantile",0.01,0
"2022-06-13","4 wk ahead inc flu hosp","2022-07-09","72","quantile",0.025,0
"2022-06-13","4 wk ahead inc flu hosp","2022-07-09","72","quantile",0.05,0
"2022-06-13","4 wk ahead inc flu hosp","2022-07-09","72","quantile",0.1,0
"2022-06-13","4 wk ahead inc flu hosp","2022-07-09","72","quantile",0.15,0
"2022-06-13","4 wk ahead inc flu hosp","2022-07-09","72","quantile",0.2,0
"2022-06-13","4 wk ahead inc flu hosp","2022-07-09","72","quantile",0.25,0
"2022-06-13","4 wk ahead inc flu hosp","2022-07-09","72","quantile",0.3,1
"2022-06-13","4 wk ahead inc flu hosp","2022-07-09","72","quantile",0.35,3
"2022-06-13","4 wk ahead inc flu hosp","2022-07-09","72","quantile",0.4,8
"2022-06-13","4 wk ahead inc flu hosp","2022-07-09","72","quantile",0.45,15
"2022-06-13","4 wk ahead inc flu hosp","2022-07-09","72","quantile",0.5,26
"2022-06-13","4 wk ahead inc flu hosp","2022-07-09","72","quantile",0.55,40
"2022-06-13","4 wk ahead inc flu hosp","2022-07-09","72","quantile",0.6,58
"2022-06-13","4 wk ahead inc flu hosp","2022-07-09","72","quantile",0.65,79
"2022-06-13","4 wk ahead inc flu hosp","2022-07-09","72","quantile",0.7,105
"2022-06-13","4 wk ahead inc flu hosp","2022-07-09","72","quantile",0.75,137
"2022-06-13","4 wk ahead inc flu hosp","2022-07-09","72","quantile",0.8,178
"2022-06-13","4 wk ahead inc flu hosp","2022-07-09","72","quantile",0.85,232
"2022-06-13","4 wk ahead inc flu hosp","2022-07-09","72","quantile",0.9,309
"2022-06-13","4 wk ahead inc flu hosp","2022-07-09","72","quantile",0.95,443
"2022-06-13","4 wk ahead inc flu hosp","2022-07-09","72","quantile",0.975,583
"2022-06-13","4 wk ahead inc flu hosp","2022-07-09","72","quantile",0.99,762
"2022-06-13","1 wk ahead inc flu hosp","2022-06-18","72","point",NA,25
"2022-06-13","2 wk ahead inc flu hosp","2022-06-25","72","point",NA,26
"2022-06-13","3 wk ahead inc flu hosp","2022-07-02","72","point",NA,26
"2022-06-13","4 wk ahead inc flu hosp","2022-07-09","72","point",NA,26
"2022-06-13","1 wk ahead inc flu hosp","2022-06-18","78","quantile",0.01,0
"2022-06-13","1 wk ahead inc flu hosp","2022-06-18","78","quantile",0.025,0
"2022-06-13","1 wk ahead inc flu hosp","2022-06-18","78","quantile",0.05,0
"2022-06-13","1 wk ahead inc flu hosp","2022-06-18","78","quantile",0.1,0
"2022-06-13","1 wk ahead inc flu hosp","2022-06-18","78","quantile",0.15,0
"2022-06-13","1 wk ahead inc flu hosp","2022-06-18","78","quantile",0.2,0
"2022-06-13","1 wk ahead inc flu hosp","2022-06-18","78","quantile",0.25,0
"2022-06-13","1 wk ahead inc flu hosp","2022-06-18","78","quantile",0.3,0
"2022-06-13","1 wk ahead inc flu hosp","2022-06-18","78","quantile",0.35,0
"2022-06-13","1 wk ahead inc flu hosp","2022-06-18","78","quantile",0.4,0
"2022-06-13","1 wk ahead inc flu hosp","2022-06-18","78","quantile",0.45,0
"2022-06-13","1 wk ahead inc flu hosp","2022-06-18","78","quantile",0.5,0
"2022-06-13","1 wk ahead inc flu hosp","2022-06-18","78","quantile",0.55,0
"2022-06-13","1 wk ahead inc flu hosp","2022-06-18","78","quantile",0.6,0
"2022-06-13","1 wk ahead inc flu hosp","2022-06-18","78","quantile",0.65,0
"2022-06-13","1 wk ahead inc flu hosp","2022-06-18","78","quantile",0.7,0
"2022-06-13","1 wk ahead inc flu hosp","2022-06-18","78","quantile",0.75,0
"2022-06-13","1 wk ahead inc flu hosp","2022-06-18","78","quantile",0.8,0
"2022-06-13","1 wk ahead inc flu hosp","2022-06-18","78","quantile",0.85,0
"2022-06-13","1 wk ahead inc flu hosp","2022-06-18","78","quantile",0.9,0
"2022-06-13","1 wk ahead inc flu hosp","2022-06-18","78","quantile",0.95,0
"2022-06-13","1 wk ahead inc flu hosp","2022-06-18","78","quantile",0.975,0
"2022-06-13","1 wk ahead inc flu hosp","2022-06-18","78","quantile",0.99,0
"2022-06-13","2 wk ahead inc flu hosp","2022-06-25","78","quantile",0.01,0
"2022-06-13","2 wk ahead inc flu hosp","2022-06-25","78","quantile",0.025,0
"2022-06-13","2 wk ahead inc flu hosp","2022-06-25","78","quantile",0.05,0
"2022-06-13","2 wk ahead inc flu hosp","2022-06-25","78","quantile",0.1,0
"2022-06-13","2 wk ahead inc flu hosp","2022-06-25","78","quantile",0.15,0
"2022-06-13","2 wk ahead inc flu hosp","2022-06-25","78","quantile",0.2,0
"2022-06-13","2 wk ahead inc flu hosp","2022-06-25","78","quantile",0.25,0
"2022-06-13","2 wk ahead inc flu hosp","2022-06-25","78","quantile",0.3,0
"2022-06-13","2 wk ahead inc flu hosp","2022-06-25","78","quantile",0.35,0
"2022-06-13","2 wk ahead inc flu hosp","2022-06-25","78","quantile",0.4,0
"2022-06-13","2 wk ahead inc flu hosp","2022-06-25","78","quantile",0.45,0
"2022-06-13","2 wk ahead inc flu hosp","2022-06-25","78","quantile",0.5,0
"2022-06-13","2 wk ahead inc flu hosp","2022-06-25","78","quantile",0.55,0
"2022-06-13","2 wk ahead inc flu hosp","2022-06-25","78","quantile",0.6,0
"2022-06-13","2 wk ahead inc flu hosp","2022-06-25","78","quantile",0.65,0
"2022-06-13","2 wk ahead inc flu hosp","2022-06-25","78","quantile",0.7,0
"2022-06-13","2 wk ahead inc flu hosp","2022-06-25","78","quantile",0.75,0
"2022-06-13","2 wk ahead inc flu hosp","2022-06-25","78","quantile",0.8,0
"2022-06-13","2 wk ahead inc flu hosp","2022-06-25","78","quantile",0.85,0
"2022-06-13","2 wk ahead inc flu hosp","2022-06-25","78","quantile",0.9,0
"2022-06-13","2 wk ahead inc flu hosp","2022-06-25","78","quantile",0.95,0
"2022-06-13","2 wk ahead inc flu hosp","2022-06-25","78","quantile",0.975,0
"2022-06-13","2 wk ahead inc flu hosp","2022-06-25","78","quantile",0.99,0
"2022-06-13","3 wk ahead inc flu hosp","2022-07-02","78","quantile",0.01,0
"2022-06-13","3 wk ahead inc flu hosp","2022-07-02","78","quantile",0.025,0
"2022-06-13","3 wk ahead inc flu hosp","2022-07-02","78","quantile",0.05,0
"2022-06-13","3 wk ahead inc flu hosp","2022-07-02","78","quantile",0.1,0
"2022-06-13","3 wk ahead inc flu hosp","2022-07-02","78","quantile",0.15,0
"2022-06-13","3 wk ahead inc flu hosp","2022-07-02","78","quantile",0.2,0
"2022-06-13","3 wk ahead inc flu hosp","2022-07-02","78","quantile",0.25,0
"2022-06-13","3 wk ahead inc flu hosp","2022-07-02","78","quantile",0.3,0
"2022-06-13","3 wk ahead inc flu hosp","2022-07-02","78","quantile",0.35,0
"2022-06-13","3 wk ahead inc flu hosp","2022-07-02","78","quantile",0.4,0
"2022-06-13","3 wk ahead inc flu hosp","2022-07-02","78","quantile",0.45,0
"2022-06-13","3 wk ahead inc flu hosp","2022-07-02","78","quantile",0.5,0
"2022-06-13","3 wk ahead inc flu hosp","2022-07-02","78","quantile",0.55,0
"2022-06-13","3 wk ahead inc flu hosp","2022-07-02","78","quantile",0.6,0
"2022-06-13","3 wk ahead inc flu hosp","2022-07-02","78","quantile",0.65,0
"2022-06-13","3 wk ahead inc flu hosp","2022-07-02","78","quantile",0.7,0
"2022-06-13","3 wk ahead inc flu hosp","2022-07-02","78","quantile",0.75,0
"2022-06-13","3 wk ahead inc flu hosp","2022-07-02","78","quantile",0.8,0
"2022-06-13","3 wk ahead inc flu hosp","2022-07-02","78","quantile",0.85,0
"2022-06-13","3 wk ahead inc flu hosp","2022-07-02","78","quantile",0.9,0
"2022-06-13","3 wk ahead inc flu hosp","2022-07-02","78","quantile",0.95,0
"2022-06-13","3 wk ahead inc flu hosp","2022-07-02","78","quantile",0.975,0
"2022-06-13","3 wk ahead inc flu hosp","2022-07-02","78","quantile",0.99,0
"2022-06-13","4 wk ahead inc flu hosp","2022-07-09","78","quantile",0.01,0
"2022-06-13","4 wk ahead inc flu hosp","2022-07-09","78","quantile",0.025,0
"2022-06-13","4 wk ahead inc flu hosp","2022-07-09","78","quantile",0.05,0
"2022-06-13","4 wk ahead inc flu hosp","2022-07-09","78","quantile",0.1,0
"2022-06-13","4 wk ahead inc flu hosp","2022-07-09","78","quantile",0.15,0
"2022-06-13","4 wk ahead inc flu hosp","2022-07-09","78","quantile",0.2,0
"2022-06-13","4 wk ahead inc flu hosp","2022-07-09","78","quantile",0.25,0
"2022-06-13","4 wk ahead inc flu hosp","2022-07-09","78","quantile",0.3,0
"2022-06-13","4 wk ahead inc flu hosp","2022-07-09","78","quantile",0.35,0
"2022-06-13","4 wk ahead inc flu hosp","2022-07-09","78","quantile",0.4,0
"2022-06-13","4 wk ahead inc flu hosp","2022-07-09","78","quantile",0.45,0
"2022-06-13","4 wk ahead inc flu hosp","2022-07-09","78","quantile",0.5,0
"2022-06-13","4 wk ahead inc flu hosp","2022-07-09","78","quantile",0.55,0
"2022-06-13","4 wk ahead inc flu hosp","2022-07-09","78","quantile",0.6,0
"2022-06-13","4 wk ahead inc flu hosp","2022-07-09","78","quantile",0.65,0
"2022-06-13","4 wk ahead inc flu hosp","2022-07-09","78","quantile",0.7,0
"2022-06-13","4 wk ahead inc flu hosp","2022-07-09","78","quantile",0.75,0
"2022-06-13","4 wk ahead inc flu hosp","2022-07-09","78","quantile",0.8,0
"2022-06-13","4 wk ahead inc flu hosp","2022-07-09","78","quantile",0.85,0
"2022-06-13","4 wk ahead inc flu hosp","2022-07-09","78","quantile",0.9,0
"2022-06-13","4 wk ahead inc flu hosp","2022-07-09","78","quantile",0.95,0
"2022-06-13","4 wk ahead inc flu hosp","2022-07-09","78","quantile",0.975,0
"2022-06-13","4 wk ahead inc flu hosp","2022-07-09","78","quantile",0.99,0
"2022-06-13","1 wk ahead inc flu hosp","2022-06-18","78","point",NA,0
"2022-06-13","2 wk ahead inc flu hosp","2022-06-25","78","point",NA,0
"2022-06-13","3 wk ahead inc flu hosp","2022-07-02","78","point",NA,0
"2022-06-13","4 wk ahead inc flu hosp","2022-07-09","78","point",NA,0
